[ -0.1887255609035492, 0.1871912181377411, -0.04756497964262962, 0.04603062570095062, 1.5696443319320679, -1.571178674697876, 0.06597723066806793, -0.06290852278470993, -0.1963973343372345, 0.1825881451368332, 1.4714456796646118, 1.4837205410003662, -1.8795838356018066, 1.8719121217727661, 0.2056034654378891, -0.1948629766702652, 0.6720471382141113, -0.684321939945221, 0.0, 0.0,] 
---
[ -0.1887255609035492, 0.1856568604707718, -0.07364900410175323, 0.07364900410175323, 1.5266823768615723, -1.5251480340957642, 0.050633687525987625, -0.04449627175927162, -0.1963973343372345, 0.1825881451368332, 1.494460940361023, 1.5098044872283936, -1.919477105140686, 1.911805272102356, 0.2056034654378891, -0.1948629766702652, 0.6858563423156738, -0.6950624585151672, 0.0, 0.0,] 
---
[ -0.1887255609035492, 0.1841225028038025, -0.09973302483558655, 0.10126737505197525, 1.4837205410003662, -1.4791173934936523, 0.03529014810919762, -0.026084020733833313, -0.1963973343372345, 0.1825881451368332, 1.502132773399353, 1.5174763202667236, -1.9286831617355347, 1.9225457906723022, 0.2056034654378891, -0.1948629766702652, 0.6858563423156738, -0.6950624585151672, 0.0, 0.0,] 
---
[ -0.1887255609035492, 0.1825881451368332, -0.12428268790245056, 0.13042010366916656, 1.4407585859298706, -1.43308687210083, 0.01994660496711731, -0.006137416698038578, -0.1963973343372345, 0.1825881451368332, 1.5098044872283936, 1.5251480340957642, -1.9378893375396729, 1.9332863092422485, 0.2056034654378891, -0.1948629766702652, 0.6858563423156738, -0.6950624585151672, 0.0, 0.0,] 
---
[ -0.1887255609035492, 0.1810537874698639, -0.15036670863628387, 0.15803848206996918, 1.399330973625183, -1.3870562314987183, 0.004603062756359577, 0.012274833396077156, -0.1963973343372345, 0.1825881451368332, 1.5174763202667236, 1.5328198671340942, -1.9486298561096191, 1.9440267086029053, 0.2056034654378891, -0.1948629766702652, 0.6858563423156738, -0.6950624585151672, 0.0, 0.0,] 
---
[ -0.1887255609035492, 0.1795194447040558, -0.1749163717031479, 0.1871912181377411, 1.356369137763977, -1.3410255908966064, -0.010740479454398155, 0.032221436500549316, -0.1963973343372345, 0.1825881451368332, 1.5251480340957642, 1.5404915809631348, -1.9578359127044678, 1.9547672271728516, 0.2056034654378891, -0.1948629766702652, 0.6858563423156738, -0.6950624585151672, 0.0, 0.0,] 
---
[ -0.1887255609035492, 0.1779850870370865, -0.2010003924369812, 0.2148095816373825, 1.3134071826934814, -1.2949949502944946, -0.026084020733833313, 0.050633687525987625, -0.1963973343372345, 0.1825881451368332, 1.5328198671340942, 1.5481634140014648, -1.967042088508606, 1.9655077457427979, 0.2056034654378891, -0.1948629766702652, 0.6858563423156738, -0.6950624585151672, 0.0, 0.0,] 
---
[ -0.1887255609035492, 0.1764507293701172, -0.22708441317081451, 0.24396231770515442, 1.2704452276229858, -1.2489643096923828, -0.04142756387591362, 0.06904593855142593, -0.1963973343372345, 0.1825881451368332, 1.5404915809631348, 1.5558351278305054, -1.9777826070785522, 1.9762481451034546, 0.2056034654378891, -0.1948629766702652, 0.6858563423156738, -0.6950624585151672, 0.0, 0.0,] 
---
[ -0.1887255609035492, 0.1749163717031479, -0.2516340911388397, 0.27158069610595703, 1.229017734527588, -1.201399326324463, -0.05677110329270363, 0.08899254351854324, -0.1963973343372345, 0.1825881451368332, 1.549697756767273, 1.5635069608688354, -1.9869886636734009, 1.9869886636734009, 0.2056034654378891, -0.1948629766702652, 0.6873906850814819, -0.6950624585151672, 0.0, 0.0,] 
---
[ -0.1887255609035492, 0.17338202893733978, -0.27771809697151184, 0.30073341727256775, 1.1860557794570923, -1.155368685722351, -0.07211464643478394, 0.10740479081869125, -0.1963973343372345, 0.1825881451368332, 1.5573694705963135, 1.571178674697876, -1.996194839477539, 1.9977291822433472, 0.2056034654378891, -0.1948629766702652, 0.6873906850814819, -0.6950624585151672, 0.0, 0.0,] 
---
[ -0.1887255609035492, 0.17184767127037048, -0.30226778984069824, 0.32835179567337036, 1.1430938243865967, -1.1093380451202393, -0.08745818585157394, 0.12735140323638916, -0.1963973343372345, 0.1825881451368332, 1.5650413036346436, 1.578850507736206, -2.0069353580474854, 2.008469581604004, 0.2056034654378891, -0.1948629766702652, 0.6873906850814819, -0.6950624585151672, 0.0, 0.0,] 
---
[ -0.1887255609035492, 0.17184767127037048, -0.32835179567337036, 0.3575045168399811, 1.1016663312911987, -1.0633074045181274, -0.10126737505197525, 0.14576365053653717, -0.1963973343372345, 0.1825881451368332, 1.572713017463684, 1.5880565643310547, -2.016141414642334, 2.01921010017395, 0.2056034654378891, -0.1948629766702652, 0.6873906850814819, -0.6950624585151672, 0.0, 0.0,] 
---
[ -0.1887255609035492, 0.17031331360340118, -0.35443583130836487, 0.3851228952407837, 1.0587043762207031, -1.0172768831253052, -0.11661092191934586, 0.16417589783668518, -0.1963973343372345, 0.1825881451368332, 1.5803848505020142, 1.5957283973693848, -2.0253474712371826, 2.0299506187438965, 0.2056034654378891, -0.1948629766702652, 0.6873906850814819, -0.6950624585151672, 0.0, 0.0,] 
---
[ -0.1887255609035492, 0.16877895593643188, -0.3789854943752289, 0.4127412736415863, 1.0157424211502075, -0.9712461829185486, -0.13195446133613586, 0.1841225028038025, -0.1963973343372345, 0.1825881451368332, 1.5880565643310547, 1.6034001111984253, -2.036087989807129, 2.0406911373138428, 0.2056034654378891, -0.1948629766702652, 0.6873906850814819, -0.6950624585151672, 0.0, 0.0,] 
---
[ -0.1887255609035492, 0.16724461317062378, -0.405069500207901, 0.441893994808197, 0.9727805852890015, -0.9252156019210815, -0.14729800820350647, 0.2025347501039505, -0.1963973343372345, 0.1825881451368332, 1.5957283973693848, 1.6110719442367554, -2.0452940464019775, 2.051431655883789, 0.2056034654378891, -0.1948629766702652, 0.6873906850814819, -0.6950624585151672, 0.0, 0.0,] 
---
[ -0.1887255609035492, 0.16571025550365448, -0.429619163274765, 0.46951237320899963, 0.931352972984314, -0.8776506185531616, -0.16264154016971588, 0.2224813550710678, -0.1963973343372345, 0.1825881451368332, 1.6049344539642334, 1.618743658065796, -2.0545003414154053, 2.0621719360351562, 0.2056034654378891, -0.1948629766702652, 0.68892502784729, -0.6950624585151672, 0.0, 0.0,] 
---
[ -0.1887255609035492, 0.16417589783668518, -0.4557031989097595, 0.49866512417793274, 0.8883910775184631, -0.8316199779510498, -0.1779850870370865, 0.24089360237121582, -0.1963973343372345, 0.1825881451368332, 1.6126062870025635, 1.626415491104126, -2.0652406215667725, 2.0729124546051025, 0.2056034654378891, -0.1948629766702652, 0.68892502784729, -0.6950624585151672, 0.0, 0.0,] 
---
[ -0.1887255609035492, 0.16264154016971588, -0.48178720474243164, 0.5262835025787354, 0.8454291820526123, -0.785589337348938, -0.1933286339044571, 0.259305864572525, -0.1963973343372345, 0.1825881451368332, 1.620278000831604, 1.6340872049331665, -2.0744469165802, 2.083652973175049, 0.2056034654378891, -0.1948629766702652, 0.68892502784729, -0.6950624585151672, 0.0, 0.0,] 
---
[ -0.1887255609035492, 0.16110719740390778, -0.5063368678092957, 0.5554361939430237, 0.8024672269821167, -0.7395586967468262, -0.2086721658706665, 0.27925246953964233, -0.1963973343372345, 0.1825881451368332, 1.627949833869934, 1.6417590379714966, -2.083652973175049, 2.094393491744995, 0.2056034654378891, -0.1948629766702652, 0.68892502784729, -0.6950624585151672, 0.0, 0.0,] 
---
[ -0.1887255609035492, 0.15957283973693848, -0.5324209332466125, 0.5830546021461487, 0.761039674282074, -0.6935281157493591, -0.2240157127380371, 0.29766470193862915, -0.1963973343372345, 0.1825881451368332, 1.6356215476989746, 1.649430751800537, -2.094393491744995, 2.1051340103149414, 0.2056034654378891, -0.1948629766702652, 0.68892502784729, -0.6950624585151672, 0.0, 0.0,] 
---
[ -0.1887255609035492, 0.15803848206996918, -0.5569705963134766, 0.612207293510437, 0.7180777788162231, -0.6474974751472473, -0.23935925960540771, 0.31761130690574646, -0.1963973343372345, 0.1825881451368332, 1.6432933807373047, 1.6571025848388672, -2.1035995483398438, 2.1158745288848877, 0.2056034654378891, -0.1948629766702652, 0.68892502784729, -0.6950624585151672, 0.0, 0.0,] 
---
[ -0.1887255609035492, 0.15650412440299988, -0.5830546021461487, 0.639825701713562, 0.6751158237457275, -0.6014668345451355, -0.2547028064727783, 0.33602356910705566, -0.1963973343372345, 0.1825881451368332, 1.6509650945663452, 1.6647742986679077, -2.1128056049346924, 2.126614809036255, 0.2056034654378891, -0.1948629766702652, 0.68892502784729, -0.6950624585151672, 0.0, 0.0,] 
---
[ -0.1887255609035492, 0.15650412440299988, -0.6076042652130127, 0.6689784526824951, 0.6336882710456848, -0.5539018511772156, -0.26851198077201843, 0.355970174074173, -0.1963973343372345, 0.1825881451368332, 1.6601712703704834, 1.673980474472046, -2.12201189994812, 2.137355327606201, 0.2056034654378891, -0.1948629766702652, 0.6904593706130981, -0.6950624585151672, 0.0, 0.0,] 
---
[ -0.1887255609035492, 0.15496976673603058, -0.5983981490135193, 0.6597722768783569, 0.6336882710456848, -0.5539018511772156, -0.26851198077201843, 0.355970174074173, -0.1963973343372345, 0.1825881451368332, 1.6601712703704834, 1.673980474472046, -2.137355327606201, 2.1480958461761475, 0.2056034654378891, -0.1948629766702652, 0.6996654868125916, -0.6965968012809753, 0.0, 0.0,] 
---
[ -0.1887255609035492, 0.15496976673603058, -0.587657630443573, 0.6521005034446716, 0.6336882710456848, -0.5539018511772156, -0.26851198077201843, 0.355970174074173, -0.1963973343372345, 0.1825881451368332, 1.6601712703704834, 1.673980474472046, -2.1526989936828613, 2.1603705883026123, 0.2056034654378891, -0.1948629766702652, 0.7088716626167297, -0.6965968012809753, 0.0, 0.0,] 
---
[ -0.1887255609035492, 0.15343542397022247, -0.5769171714782715, 0.6444287896156311, 0.6336882710456848, -0.5539018511772156, -0.26851198077201843, 0.355970174074173, -0.1963973343372345, 0.1825881451368332, 1.6601712703704834, 1.673980474472046, -2.1680424213409424, 2.1726455688476562, 0.2056034654378891, -0.1948629766702652, 0.7180777788162231, -0.6981311440467834, 0.0, 0.0,] 
---
[ -0.1887255609035492, 0.15343542397022247, -0.56617671251297, 0.6367570161819458, 0.6336882710456848, -0.5539018511772156, -0.26851198077201843, 0.355970174074173, -0.1963973343372345, 0.1825881451368332, 1.6601712703704834, 1.673980474472046, -2.1833860874176025, 2.184920310974121, 0.2056034654378891, -0.1948629766702652, 0.7272838950157166, -0.6981311440467834, 0.0, 0.0,] 
---
[ -0.1887255609035492, 0.15190106630325317, -0.5554361939430237, 0.6290852427482605, 0.6336882710456848, -0.5539018511772156, -0.26851198077201843, 0.355970174074173, -0.1963973343372345, 0.1825881451368332, 1.6601712703704834, 1.673980474472046, -2.1987295150756836, 2.197195291519165, 0.2056034654378891, -0.1948629766702652, 0.73649001121521, -0.6996654868125916, 0.0, 0.0,] 
---
[ -0.1887255609035492, 0.15190106630325317, -0.5446957349777222, 0.6214134693145752, 0.6336882710456848, -0.5539018511772156, -0.26851198077201843, 0.355970174074173, -0.1963973343372345, 0.1825881451368332, 1.6601712703704834, 1.673980474472046, -2.2140731811523438, 2.2079355716705322, 0.2056034654378891, -0.1948629766702652, 0.7472304701805115, -0.6996654868125916, 0.0, 0.0,] 
---
[ -0.1887255609035492, 0.15036670863628387, -0.5339552760124207, 0.6137416958808899, 0.6336882710456848, -0.5539018511772156, -0.26851198077201843, 0.355970174074173, -0.1963973343372345, 0.1825881451368332, 1.6601712703704834, 1.673980474472046, -2.229416608810425, 2.220210552215576, 0.2056034654378891, -0.1948629766702652, 0.7564365863800049, -0.6996654868125916, 0.0, 0.0,] 
---
[ -0.1887255609035492, 0.15036670863628387, -0.5247491598129272, 0.6045355796813965, 0.6336882710456848, -0.5539018511772156, -0.26851198077201843, 0.355970174074173, -0.1963973343372345, 0.1825881451368332, 1.6601712703704834, 1.673980474472046, -2.244760274887085, 2.232485294342041, 0.2056034654378891, -0.1948629766702652, 0.7656427621841431, -0.7011998891830444, 0.0, 0.0,] 
---
[ -0.1887255609035492, 0.14883235096931458, -0.514008641242981, 0.5968638062477112, 0.6336882710456848, -0.5539018511772156, -0.26851198077201843, 0.355970174074173, -0.1963973343372345, 0.1825881451368332, 1.6601712703704834, 1.673980474472046, -2.260103702545166, 2.244760274887085, 0.2056034654378891, -0.1948629766702652, 0.7748488783836365, -0.7011998891830444, 0.0, 0.0,] 
---
[ -0.1887255609035492, 0.14883235096931458, -0.5032681822776794, 0.5891920328140259, 0.6336882710456848, -0.5539018511772156, -0.26851198077201843, 0.355970174074173, -0.1963973343372345, 0.1825881451368332, 1.6601712703704834, 1.673980474472046, -2.275447368621826, 2.25703501701355, 0.2056034654378891, -0.1948629766702652, 0.7840549945831299, -0.7027342319488525, 0.0, 0.0,] 
---
[ -0.1887255609035492, 0.14729800820350647, -0.49252769351005554, 0.5815202593803406, 0.6336882710456848, -0.5539018511772156, -0.26851198077201843, 0.355970174074173, -0.1963973343372345, 0.1825881451368332, 1.6601712703704834, 1.673980474472046, -2.2892563343048096, 2.2693097591400146, 0.2056034654378891, -0.1948629766702652, 0.7947954535484314, -0.7027342319488525, 0.0, 0.0,] 
---
[ -0.1887255609035492, 0.14729800820350647, -0.48178720474243164, 0.5738484859466553, 0.6336882710456848, -0.5539018511772156, -0.26851198077201843, 0.355970174074173, -0.1963973343372345, 0.1825881451368332, 1.6601712703704834, 1.673980474472046, -2.3046000003814697, 2.280050277709961, 0.2056034654378891, -0.1948629766702652, 0.8040015697479248, -0.7027342319488525, 0.0, 0.0,] 
---
[ -0.1887255609035492, 0.14576365053653717, -0.4710467457771301, 0.56617671251297, 0.6336882710456848, -0.5539018511772156, -0.26851198077201843, 0.355970174074173, -0.1963973343372345, 0.1825881451368332, 1.6601712703704834, 1.673980474472046, -2.319943428039551, 2.292325258255005, 0.2056034654378891, -0.1948629766702652, 0.813207745552063, -0.7042685747146606, 0.0, 0.0,] 
---
[ -0.1887255609035492, 0.14576365053653717, -0.4603062570095062, 0.5585049390792847, 0.6336882710456848, -0.5539018511772156, -0.26851198077201843, 0.355970174074173, -0.1963973343372345, 0.1825881451368332, 1.6601712703704834, 1.673980474472046, -2.335287094116211, 2.3046000003814697, 0.2056034654378891, -0.1948629766702652, 0.8224138617515564, -0.7042685747146606, 0.0, 0.0,] 
---
[ -0.1887255609035492, 0.14422929286956787, -0.4511001408100128, 0.5492988228797913, 0.6336882710456848, -0.5539018511772156, -0.26851198077201843, 0.355970174074173, -0.1963973343372345, 0.1825881451368332, 1.6601712703704834, 1.673980474472046, -2.350630521774292, 2.3168747425079346, 0.2056034654378891, -0.1948629766702652, 0.8316199779510498, -0.7058029174804688, 0.0, 0.0,] 
---
[ -0.1887255609035492, 0.14422929286956787, -0.4403596520423889, 0.541627049446106, 0.6336882710456848, -0.5539018511772156, -0.26851198077201843, 0.355970174074173, -0.1963973343372345, 0.1825881451368332, 1.6601712703704834, 1.673980474472046, -2.365974187850952, 2.3291497230529785, 0.2056034654378891, -0.1948629766702652, 0.8408260941505432, -0.7058029174804688, 0.0, 0.0,] 
---
[ -0.1887255609035492, 0.14269493520259857, -0.429619163274765, 0.5339552760124207, 0.6336882710456848, -0.5539018511772156, -0.26851198077201843, 0.355970174074173, -0.1963973343372345, 0.1825881451368332, 1.6601712703704834, 1.673980474472046, -2.381317615509033, 2.339890241622925, 0.2056034654378891, -0.1948629766702652, 0.8515665531158447, -0.7058029174804688, 0.0, 0.0,] 
---
[ -0.1887255609035492, 0.14269493520259857, -0.4188787043094635, 0.5262835025787354, 0.6336882710456848, -0.5539018511772156, -0.26851198077201843, 0.355970174074173, -0.1963973343372345, 0.1825881451368332, 1.6601712703704834, 1.673980474472046, -2.3966612815856934, 2.3521649837493896, 0.2056034654378891, -0.1948629766702652, 0.8607727289199829, -0.7073372602462769, 0.0, 0.0,] 
---
[ -0.1887255609035492, 0.14116059243679047, -0.4081382155418396, 0.51861172914505, 0.6336882710456848, -0.5539018511772156, -0.26851198077201843, 0.355970174074173, -0.1963973343372345, 0.1825881451368332, 1.6601712703704834, 1.673980474472046, -2.4120047092437744, 2.3644397258758545, 0.2056034654378891, -0.1948629766702652, 0.8699788451194763, -0.7073372602462769, 0.0, 0.0,] 
---
[ -0.1887255609035492, 0.14116059243679047, -0.3973977267742157, 0.5109399557113647, 0.6336882710456848, -0.5539018511772156, -0.26851198077201843, 0.355970174074173, -0.1963973343372345, 0.1825881451368332, 1.6601712703704834, 1.673980474472046, -2.4273483753204346, 2.3767147064208984, 0.2056034654378891, -0.1948629766702652, 0.8791849613189697, -0.7088716626167297, 0.0, 0.0,] 
---
[ -0.1887255609035492, 0.13962623476982117, -0.3866572678089142, 0.5032681822776794, 0.6336882710456848, -0.5539018511772156, -0.26851198077201843, 0.355970174074173, -0.1963973343372345, 0.1825881451368332, 1.6601712703704834, 1.673980474472046, -2.4426918029785156, 2.3889894485473633, 0.2056034654378891, -0.1948629766702652, 0.8883910775184631, -0.7088716626167297, 0.0, 0.0,] 
---
[ -0.1887255609035492, 0.13962623476982117, -0.3759167790412903, 0.49559640884399414, 0.6336882710456848, -0.5539018511772156, -0.26851198077201843, 0.355970174074173, -0.1963973343372345, 0.1825881451368332, 1.6601712703704834, 1.673980474472046, -2.456501007080078, 2.401264190673828, 0.2056034654378891, -0.1948629766702652, 0.8991315364837646, -0.7088716626167297, 0.0, 0.0,] 
---
[ -0.1887255609035492, 0.13962623476982117, -0.3759167790412903, 0.49559640884399414, 0.6336882710456848, -0.5539018511772156, -0.26851198077201843, 0.355970174074173, -0.1963973343372345, 0.1825881451368332, 1.6601712703704834, 1.673980474472046, -2.456501007080078, 2.401264190673828, 0.2056034654378891, -0.1948629766702652, 0.8991315364837646, -0.7088716626167297, 0.0, 0.0,] 
---
[ -0.1887255609035492, 0.13962623476982117, -0.3759167790412903, 0.49559640884399414, 0.6336882710456848, -0.5539018511772156, -0.26851198077201843, 0.355970174074173, -0.1963973343372345, 0.1825881451368332, 1.6601712703704834, 1.673980474472046, -2.456501007080078, 2.401264190673828, 0.2056034654378891, -0.1948629766702652, 0.8991315364837646, -0.7088716626167297, 0.0, 0.0,] 
---
[ -0.1887255609035492, 0.13962623476982117, -0.3759167790412903, 0.49559640884399414, 0.6336882710456848, -0.5539018511772156, -0.26851198077201843, 0.355970174074173, -0.1963973343372345, 0.1825881451368332, 1.6601712703704834, 1.673980474472046, -2.456501007080078, 2.401264190673828, 0.2056034654378891, -0.1948629766702652, 0.8991315364837646, -0.7088716626167297, 0.0, 0.0,] 
---
[ -0.1887255609035492, 0.13962623476982117, -0.3759167790412903, 0.49559640884399414, 0.6336882710456848, -0.5539018511772156, -0.26851198077201843, 0.355970174074173, -0.1963973343372345, 0.1825881451368332, 1.6601712703704834, 1.673980474472046, -2.456501007080078, 2.401264190673828, 0.2056034654378891, -0.1948629766702652, 0.8991315364837646, -0.7088716626167297, 0.0, 0.0,] 
---
[ -0.1887255609035492, 0.13962623476982117, -0.3759167790412903, 0.49559640884399414, 0.6336882710456848, -0.5539018511772156, -0.26851198077201843, 0.355970174074173, -0.1963973343372345, 0.1825881451368332, 1.6601712703704834, 1.673980474472046, -2.456501007080078, 2.401264190673828, 0.2056034654378891, -0.1948629766702652, 0.8991315364837646, -0.7088716626167297, 0.0, 0.0,] 
---
[ -0.1887255609035492, 0.13962623476982117, -0.3759167790412903, 0.49559640884399414, 0.6336882710456848, -0.5539018511772156, -0.26851198077201843, 0.355970174074173, -0.1963973343372345, 0.1825881451368332, 1.6601712703704834, 1.673980474472046, -2.456501007080078, 2.401264190673828, 0.2056034654378891, -0.1948629766702652, 0.8991315364837646, -0.7088716626167297, 0.0, 0.0,] 
---
[ -0.1887255609035492, 0.13962623476982117, -0.3759167790412903, 0.49559640884399414, 0.6336882710456848, -0.5539018511772156, -0.26851198077201843, 0.355970174074173, -0.1963973343372345, 0.1825881451368332, 1.6601712703704834, 1.673980474472046, -2.456501007080078, 2.401264190673828, 0.2056034654378891, -0.1948629766702652, 0.8991315364837646, -0.7088716626167297, 0.0, 0.0,] 
---
[ -0.1887255609035492, 0.13962623476982117, -0.3759167790412903, 0.49559640884399414, 0.6336882710456848, -0.5539018511772156, -0.26851198077201843, 0.355970174074173, -0.1963973343372345, 0.1825881451368332, 1.6601712703704834, 1.673980474472046, -2.456501007080078, 2.401264190673828, 0.2056034654378891, -0.1948629766702652, 0.8991315364837646, -0.7088716626167297, 0.0, 0.0,] 
---
[ -0.1887255609035492, 0.13962623476982117, -0.3759167790412903, 0.49559640884399414, 0.6336882710456848, -0.5539018511772156, -0.26851198077201843, 0.355970174074173, -0.1963973343372345, 0.1825881451368332, 1.6601712703704834, 1.673980474472046, -2.456501007080078, 2.401264190673828, 0.2056034654378891, -0.1948629766702652, 0.8991315364837646, -0.7088716626167297, 0.0, 0.0,] 
---
[ -0.1887255609035492, 0.13962623476982117, -0.3759167790412903, 0.49559640884399414, 0.6336882710456848, -0.5539018511772156, -0.26851198077201843, 0.355970174074173, -0.1963973343372345, 0.1825881451368332, 1.6601712703704834, 1.673980474472046, -2.456501007080078, 2.401264190673828, 0.2056034654378891, -0.1948629766702652, 0.8991315364837646, -0.7088716626167297, 0.0, 0.0,] 
---
[ -0.1887255609035492, 0.13962623476982117, -0.3759167790412903, 0.49559640884399414, 0.6336882710456848, -0.5539018511772156, -0.26851198077201843, 0.355970174074173, -0.1963973343372345, 0.1825881451368332, 1.6601712703704834, 1.673980474472046, -2.456501007080078, 2.401264190673828, 0.2056034654378891, -0.1948629766702652, 0.8991315364837646, -0.7088716626167297, 0.0, 0.0,] 
---
[ -0.1887255609035492, 0.13962623476982117, -0.3759167790412903, 0.49559640884399414, 0.6336882710456848, -0.5539018511772156, -0.26851198077201843, 0.355970174074173, -0.1963973343372345, 0.1825881451368332, 1.6601712703704834, 1.673980474472046, -2.456501007080078, 2.401264190673828, 0.2056034654378891, -0.1948629766702652, 0.8991315364837646, -0.7088716626167297, 0.0, 0.0,] 
---
[ -0.1887255609035492, 0.13962623476982117, -0.3759167790412903, 0.49559640884399414, 0.6336882710456848, -0.5539018511772156, -0.26851198077201843, 0.355970174074173, -0.1963973343372345, 0.1825881451368332, 1.6601712703704834, 1.673980474472046, -2.456501007080078, 2.401264190673828, 0.2056034654378891, -0.1948629766702652, 0.8991315364837646, -0.7088716626167297, 0.0, 0.0,] 
---
[ -0.1887255609035492, 0.13962623476982117, -0.3759167790412903, 0.49559640884399414, 0.6336882710456848, -0.5539018511772156, -0.26851198077201843, 0.355970174074173, -0.1963973343372345, 0.1825881451368332, 1.6601712703704834, 1.673980474472046, -2.456501007080078, 2.401264190673828, 0.2056034654378891, -0.1948629766702652, 0.8991315364837646, -0.7088716626167297, 0.0, 0.0,] 
---
[ -0.1887255609035492, 0.13962623476982117, -0.3759167790412903, 0.49559640884399414, 0.6336882710456848, -0.5539018511772156, -0.26851198077201843, 0.355970174074173, -0.1963973343372345, 0.1825881451368332, 1.6601712703704834, 1.673980474472046, -2.456501007080078, 2.401264190673828, 0.2056034654378891, -0.1948629766702652, 0.8991315364837646, -0.7088716626167297, 0.0, 0.0,] 
---
[ -0.1887255609035492, 0.13962623476982117, -0.3759167790412903, 0.49559640884399414, 0.6336882710456848, -0.5539018511772156, -0.26851198077201843, 0.355970174074173, -0.1963973343372345, 0.1825881451368332, 1.6601712703704834, 1.673980474472046, -2.456501007080078, 2.401264190673828, 0.2056034654378891, -0.1948629766702652, 0.8991315364837646, -0.7088716626167297, 0.0, 0.0,] 
---
[ -0.1887255609035492, 0.13962623476982117, -0.3759167790412903, 0.49559640884399414, 0.6336882710456848, -0.5539018511772156, -0.26851198077201843, 0.355970174074173, -0.1963973343372345, 0.1825881451368332, 1.6601712703704834, 1.673980474472046, -2.456501007080078, 2.401264190673828, 0.2056034654378891, -0.1948629766702652, 0.8991315364837646, -0.7088716626167297, 0.0, 0.0,] 
---
[ -0.1887255609035492, 0.13962623476982117, -0.3759167790412903, 0.49559640884399414, 0.6336882710456848, -0.5539018511772156, -0.26851198077201843, 0.355970174074173, -0.1963973343372345, 0.1825881451368332, 1.6601712703704834, 1.673980474472046, -2.456501007080078, 2.401264190673828, 0.2056034654378891, -0.1948629766702652, 0.8991315364837646, -0.7088716626167297, 0.0, 0.0,] 
---
[ -0.1887255609035492, 0.13962623476982117, -0.3759167790412903, 0.49559640884399414, 0.6336882710456848, -0.5539018511772156, -0.26851198077201843, 0.355970174074173, -0.1963973343372345, 0.1825881451368332, 1.6601712703704834, 1.673980474472046, -2.456501007080078, 2.401264190673828, 0.2056034654378891, -0.1948629766702652, 0.8991315364837646, -0.7088716626167297, 0.0, 0.0,] 
---
[ -0.1887255609035492, 0.13962623476982117, -0.3759167790412903, 0.49559640884399414, 0.6336882710456848, -0.5539018511772156, -0.26851198077201843, 0.355970174074173, -0.1963973343372345, 0.1825881451368332, 1.6601712703704834, 1.673980474472046, -2.456501007080078, 2.401264190673828, 0.2056034654378891, -0.1948629766702652, 0.8991315364837646, -0.7088716626167297, 0.0, 0.0,] 
---
