[ -0.1887255609035492, 0.1871912181377411, -0.04756497964262962, 0.04603062570095062, 1.5696443319320679, -1.571178674697876, 0.06597723066806793, -0.06290852278470993, -0.1963973343372345, 0.1825881451368332, 0.7871236801147461, 0.7978641986846924, -0.6597722768783569, 0.6751158237457275, 0.2056034654378891, -0.1948629766702652, 0.2025347501039505, -0.2102065235376358, 0.0, 0.0,]
---
[ -0.1887255609035492, 0.1871912181377411, -0.04756497964262962, 0.04603062570095062, 1.5696443319320679, -1.571178674697876, 0.06597723066806793, -0.06290852278470993, -0.1963973343372345, 0.1825881451368332, 0.7871236801147461, 0.7978641986846924, -0.6597722768783569, 0.6751158237457275, 0.2056034654378891, -0.1948629766702652, 0.2025347501039505, -0.2102065235376358, 0.0, 0.0,]
---
[ -0.1887255609035492, 0.1871912181377411, -0.04756497964262962, 0.04603062570095062, 1.5696443319320679, -1.571178674697876, 0.06597723066806793, -0.06290852278470993, -0.1963973343372345, 0.1825881451368332, 0.7871236801147461, 0.7978641986846924, -0.6597722768783569, 0.6751158237457275, 0.2056034654378891, -0.1948629766702652, 0.2025347501039505, -0.2102065235376358, 0.0, 0.0,]
---
[ -0.1887255609035492, 0.1871912181377411, -0.04756497964262962, 0.04603062570095062, 1.5696443319320679, -1.571178674697876, 0.08438947796821594, -0.049099333584308624, -0.24703101813793182, 0.14116059243679047, 0.9190781712532043, 0.8300856351852417, -0.8392917513847351, 0.7242151498794556, 0.259305864572525, -0.15036670863628387, 0.2562371492385864, -0.2240157127380371, 0.0, 0.0,]
---
[ -0.1887255609035492, 0.1871912181377411, -0.04756497964262962, 0.04603062570095062, 1.5696443319320679, -1.571178674697876, 0.11507656425237656, -0.03835885599255562, -0.32835179567337036, 0.11200785636901855, 1.3870562314987183, 0.8469635248184204, -1.453033447265625, 0.7502992153167725, 0.3452296853065491, -0.11967962980270386, 0.4096725583076477, -0.2316874861717224, 0.0, 0.0,]
---
[ -0.1887255609035492, 0.1871912181377411, -0.04756497964262962, 0.04603062570095062, 1.5696443319320679, -1.571178674697876, 0.11814527213573456, -0.03835885599255562, -0.33909228444099426, 0.11200785636901855, 1.4591708183288574, 0.8469635248184204, -1.5404915809631348, 0.7502992153167725, 0.3575045168399811, -0.11967962980270386, 0.4265504777431488, -0.2316874861717224, 0.0, 0.0,]
---
[ -0.1887255609035492, 0.1871912181377411, -0.04756497964262962, 0.04603062570095062, 1.5696443319320679, -1.571178674697876, 0.08745818585157394, -0.049099333584308624, -0.25777149200439453, 0.14116059243679047, 1.0510326623916626, 0.8300856351852417, -1.0218799114227295, 0.7242151498794556, 0.27004632353782654, -0.15036670863628387, 0.30533647537231445, -0.2240157127380371, 0.0, 0.0,]
---
[ -0.1887255609035492, 0.1871912181377411, -0.04756497964262962, 0.04603062570095062, 1.5696443319320679, -1.571178674697876, 0.06444287300109863, -0.06597723066806793, -0.1902599185705185, 0.1887255609035492, 0.7917267680168152, 0.7917267680168152, -0.6674440503120422, 0.6659097075462341, 0.1994660496711731, -0.2010003924369812, 0.2056034654378891, -0.2071378231048584, 0.0, 0.0,]
---
[ -0.1887255609035492, 0.1871912181377411, -0.04756497964262962, 0.04603062570095062, 1.5696443319320679, -1.571178674697876, 0.04449627175927162, -0.09052689373493195, -0.13502316176891327, 0.259305864572525, 0.834688663482666, 0.9988645911216736, -0.7334213256835938, 0.9482308626174927, 0.14116059243679047, -0.27464941143989563, 0.2255500704050064, -0.28845858573913574, 0.0, 0.0,]
---
[ -0.1887255609035492, 0.1871912181377411, -0.04756497964262962, 0.04603062570095062, 1.5696443319320679, -1.571178674697876, 0.03682450205087662, -0.11814527213573456, -0.11200785636901855, 0.33142051100730896, 0.8469635248184204, 1.4131401777267456, -0.7518335580825806, 1.4837205410003662, 0.11661092191934586, -0.3529014587402344, 0.2301531285047531, -0.417344331741333, 0.0, 0.0,]
---
[ -0.1887255609035492, 0.1871912181377411, -0.04756497964262962, 0.04603062570095062, 1.5696443319320679, -1.571178674697876, 0.03835885599255562, -0.11661092191934586, -0.11661092191934586, 0.32835179567337036, 0.8454291820526123, 1.4162088632583618, -0.7487648725509644, 1.4883235692977905, 0.12121398001909256, -0.34829840064048767, 0.2301531285047531, -0.417344331741333, 0.0, 0.0,]
---
[ -0.1887255609035492, 0.1871912181377411, -0.04756497964262962, 0.04603062570095062, 1.5696443319320679, -1.571178674697876, 0.049099333584308624, -0.08745818585157394, -0.14576365053653717, 0.24856537580490112, 0.8285512924194336, 1.009605050086975, -0.7226808071136475, 0.9635744094848633, 0.15190106630325317, -0.26390892267227173, 0.2224813550710678, -0.29306164383888245, 0.0, 0.0,]
---
[ -0.1887255609035492, 0.1871912181377411, -0.04756497964262962, 0.04603062570095062, 1.5696443319320679, -1.571178674697876, 0.06751158088445663, -0.06137416884303093, -0.2010003924369812, 0.1779850870370865, 0.7809863090515137, 0.8024672269821167, -0.6505661606788635, 0.6827875971794128, 0.2117408812046051, -0.1887255609035492, 0.2010003924369812, -0.2117408812046051, 0.0, 0.0,]
---
[ -0.1887255609035492, 0.1871912181377411, -0.04756497964262962, 0.04603062570095062, 1.5696443319320679, -1.571178674697876, 0.09206125140190125, -0.04603062570095062, -0.2669776380062103, 0.13042010366916656, 1.0418264865875244, 0.837757408618927, -1.008070707321167, 0.7349556684494019, 0.28078681230545044, -0.13962623476982117, 0.30226778984069824, -0.22708441317081451, 0.0, 0.0,]
---
[ -0.1887255609035492, 0.1871912181377411, -0.04756497964262962, 0.04603062570095062, 1.5696443319320679, -1.571178674697876, 0.11967962980270386, -0.03835885599255562, -0.3421609699726105, 0.10893914848566055, 1.4561021327972412, 0.8484978675842285, -1.5374228954315186, 0.7518335580825806, 0.3605732321739197, -0.11661092191934586, 0.4250161051750183, -0.2316874861717224, 0.0, 0.0,]
---
[ -0.1887255609035492, 0.1871912181377411, -0.04756497964262962, 0.04603062570095062, 1.5696443319320679, -1.571178674697876, 0.11200785636901855, -0.03989320993423462, -0.32374873757362366, 0.11661092191934586, 1.3901249170303345, 0.8454291820526123, -1.4576364755630493, 0.7456961274147034, 0.34062662720680237, -0.12428268790245056, 0.4096725583076477, -0.2301531285047531, 0.0, 0.0,]
---
[ -0.1887255609035492, 0.1871912181377411, -0.04756497964262962, 0.04603062570095062, 1.5696443319320679, -1.571178674697876, 0.07978641986846924, -0.05370239540934563, -0.23475618660449982, 0.15190106630325317, 0.9298186302185059, 0.8224138617515564, -0.8561696410179138, 0.711940348148346, 0.24703101813793182, -0.16264154016971588, 0.26084020733833313, -0.2209469974040985, 0.0, 0.0,]
---
[ -0.1887255609035492, 0.1871912181377411, -0.04756497964262962, 0.04603062570095062, 1.5696443319320679, -1.571178674697876, 0.05830546095967293, -0.07211464643478394, -0.17338202893733978, 0.2056034654378891, 0.8070703148841858, 0.7748488783836365, -0.6904593706130981, 0.639825701713562, 0.1810537874698639, -0.2194126546382904, 0.2117408812046051, -0.1994660496711731, 0.0, 0.0,]
---
[ -0.1887255609035492, 0.1871912181377411, -0.04756497964262962, 0.04603062570095062, 1.5696443319320679, -1.571178674697876, 0.04142756387591362, -0.10126737505197525, -0.12581704556941986, 0.28538987040519714, 0.8408260941505432, 1.1216129064559937, -0.741093099117279, 1.1124067306518555, 0.13195446133613586, -0.30380213260650635, 0.22708441317081451, -0.33295485377311707, 0.0, 0.0,]
---
[ -0.1887255609035492, 0.1871912181377411, -0.04756497964262962, 0.04603062570095062, 1.5696443319320679, -1.571178674697876, 0.03682450205087662, -0.12735140323638916, -0.11047349870204926, 0.355970174074173, 0.8484978675842285, 1.4607051610946655, -0.7533679008483887, 1.5389572381973267, 0.11507656425237656, -0.3789854943752289, 0.2301531285047531, -0.4280848205089569, 0.0, 0.0,]
---
[ -0.1887255609035492, 0.1871912181377411, -0.04756497964262962, 0.04603062570095062, 1.5696443319320679, -1.571178674697876, 0.03989320993423462, -0.11661092191934586, -0.12121398001909256, 0.32681745290756226, 0.8438947796821594, 1.3134071826934814, -0.7441617846488953, 1.3579034805297852, 0.12735140323638916, -0.34829840064048767, 0.2286187708377838, -0.3912603259086609, 0.0, 0.0,]
---
[ -0.1887255609035492, 0.1871912181377411, -0.04756497964262962, 0.04603062570095062, 1.5696443319320679, -1.571178674697876, 0.05370239540934563, -0.08592383563518524, -0.15803848206996918, 0.24856537580490112, 0.8193451166152954, 0.8699788451194763, -0.7088716626167297, 0.7717801332473755, 0.16571025550365448, -0.26390892267227173, 0.2178782969713211, -0.23935925960540771, 0.0, 0.0,]
---
[ -0.1887255609035492, 0.1871912181377411, -0.04756497964262962, 0.04603062570095062, 1.5696443319320679, -1.571178674697876, 0.07211464643478394, -0.06751158088445663, -0.2132752388715744, 0.1917942762374878, 0.7733145356178284, 0.788658082485199, -0.6367570161819458, 0.6628410220146179, 0.2240157127380371, -0.2040691077709198, 0.1963973343372345, -0.2071378231048584, 0.0, 0.0,]
---
[ -0.1887255609035492, 0.1871912181377411, -0.04756497964262962, 0.04603062570095062, 1.5696443319320679, -1.571178674697876, 0.10433608293533325, -0.052168041467666626, -0.30073341727256775, 0.15190106630325317, 1.1124067306518555, 0.8224138617515564, -1.0970633029937744, 0.711940348148346, 0.31607696413993835, -0.16264154016971588, 0.32528308033943176, -0.2209469974040985, 0.0, 0.0,]
---
[ -0.1887255609035492, 0.1871912181377411, -0.04756497964262962, 0.04603062570095062, 1.5696443319320679, -1.571178674697876, 0.13502316176891327, -0.049099333584308624, -0.3820541799068451, 0.14116059243679047, 1.4422929286956787, 0.8300856351852417, -1.5113388299942017, 0.7242151498794556, 0.4035351574420929, -0.15036670863628387, 0.4188787043094635, -0.2255500704050064, 0.0, 0.0,]
---
[ -0.1887255609035492, 0.1871912181377411, -0.04756497964262962, 0.04603062570095062, 1.5696443319320679, -1.571178674697876, 0.12581704556941986, -0.05677110329270363, -0.3590388894081116, 0.15957283973693848, 1.2888575792312622, 0.8162764310836792, -1.3210790157318115, 0.7027342319488525, 0.3774511218070984, -0.17031331360340118, 0.3789854943752289, -0.2194126546382904, 0.0, 0.0,]
---
[ -0.1887255609035492, 0.1871912181377411, -0.04756497964262962, 0.04603062570095062, 1.5696443319320679, -1.571178674697876, 0.09666431695222855, -0.07211464643478394, -0.27925246953964233, 0.2086721658706665, 0.837757408618927, 0.7717801332473755, -0.7211464643478394, 0.6367570161819458, 0.29306164383888245, -0.2209469974040985, 0.2209469974040985, -0.1994660496711731, 0.0, 0.0,]
---
[ -0.1887255609035492, 0.1871912181377411, -0.04756497964262962, 0.04603062570095062, 1.5696443319320679, -1.571178674697876, 0.07211464643478394, -0.09512995928525925, -0.2148095816373825, 0.27158069610595703, 0.7671771049499512, 0.684321939945221, -0.6275508403778076, 0.5017338395118713, 0.2255500704050064, -0.28845858573913574, 0.1933286339044571, -0.15957283973693848, 0.0, 0.0,]
---
[ -0.1887255609035492, 0.1871912181377411, -0.04756497964262962, 0.04603062570095062, 1.5696443319320679, -1.571178674697876, 0.052168041467666626, -0.12274833768606186, -0.15803848206996918, 0.34676405787467957, 0.8208795189857483, 1.1124067306518555, -0.7088716626167297, 1.0924601554870605, 0.16571025550365448, -0.368245005607605, 0.2178782969713211, -0.32835179567337036, 0.0, 0.0,]
---
[ -0.1887255609035492, 0.1871912181377411, -0.04756497964262962, 0.04603062570095062, 1.5696443319320679, -1.571178674697876, 0.04603062570095062, -0.14422929286956787, -0.13502316176891327, 0.4004664421081543, 0.8362230062484741, 1.4361555576324463, -0.7334213256835938, 1.502132773399353, 0.14116059243679047, -0.4250161051750183, 0.2240157127380371, -0.4219473898410797, 0.0, 0.0,]
---
[ -0.1887255609035492, 0.1871912181377411, -0.04756497964262962, 0.04603062570095062, 1.5696443319320679, -1.571178674697876, 0.04756497964262962, -0.11967962980270386, -0.14116059243679047, 0.33909228444099426, 0.8316199779510498, 1.2612391710281372, -0.7272838950157166, 1.2903919219970703, 0.14729800820350647, -0.3605732321739197, 0.2224813550710678, -0.3774511218070984, 0.0, 0.0,]
---
[ -0.1887255609035492, 0.1871912181377411, -0.04756497964262962, 0.04603062570095062, 1.5696443319320679, -1.571178674697876, 0.06137416884303093, -0.08132077008485794, -0.1795194447040558, 0.2332218438386917, 0.8040015697479248, 0.8116733431816101, -0.6827875971794128, 0.6904593706130981, 0.1871912181377411, -0.24703101813793182, 0.2102065235376358, -0.2163439393043518, 0.0, 0.0,]
---
[ -0.1887255609035492, 0.1871912181377411, -0.04756497964262962, 0.04603062570095062, 1.5696443319320679, -1.571178674697876, 0.08132077008485794, -0.06137416884303093, -0.23629054427146912, 0.17338202893733978, 0.7825206518173218, 0.8055359721183777, -0.6474974751472473, 0.6873906850814819, 0.24703101813793182, -0.1856568604707718, 0.1994660496711731, -0.2132752388715744, 0.0, 0.0,]
---
[ -0.1887255609035492, 0.1871912181377411, -0.04756497964262962, 0.04603062570095062, 1.5696443319320679, -1.571178674697876, 0.11814527213573456, -0.050633687525987625, -0.33448922634124756, 0.14116059243679047, 1.224414587020874, 0.8300856351852417, -1.2412925958633423, 0.7242151498794556, 0.3529014587402344, -0.15190106630325317, 0.3605732321739197, -0.2240157127380371, 0.0, 0.0,]
---
[ -0.1887255609035492, 0.1871912181377411, -0.04756497964262962, 0.04603062570095062, 1.5696443319320679, -1.571178674697876, 0.14269493520259857, -0.049099333584308624, -0.3989320993423462, 0.14116059243679047, 1.453033447265625, 0.8300856351852417, -1.5205450057983398, 0.7242151498794556, 0.4204130470752716, -0.15036670863628387, 0.4204130470752716, -0.2255500704050064, 0.0, 0.0,]
---
[ -0.1887255609035492, 0.1871912181377411, -0.04756497964262962, 0.04603062570095062, 1.5696443319320679, -1.571178674697876, 0.12428268790245056, -0.05830546095967293, -0.3529014587402344, 0.16724461317062378, 1.2075366973876953, 0.810139000415802, -1.2152085304260254, 0.6935281157493591, 0.3728480637073517, -0.1795194447040558, 0.35443583130836487, -0.2163439393043518, 0.0, 0.0,]
---
[ -0.1887255609035492, 0.1871912181377411, -0.04756497964262962, 0.04603062570095062, 1.5696443319320679, -1.571178674697876, 0.09206125140190125, -0.08132077008485794, -0.2669776380062103, 0.2301531285047531, 0.7380243539810181, 0.7441617846488953, -0.5799858570098877, 0.5937950611114502, 0.28078681230545044, -0.24549667537212372, 0.1779850870370865, -0.1871912181377411, 0.0, 0.0,]
---
[ -0.1887255609035492, 0.1871912181377411, -0.04756497964262962, 0.04603062570095062, 1.5696443319320679, -1.571178674697876, 0.06904593855142593, -0.10280173271894455, -0.2040691077709198, 0.29306164383888245, 0.7794519066810608, 0.7257495522499084, -0.6474974751472473, 0.5600392818450928, 0.2132752388715744, -0.31147390604019165, 0.1994660496711731, -0.1764507293701172, 0.0, 0.0,]
---
[ -0.1887255609035492, 0.1871912181377411, -0.04756497964262962, 0.04603062570095062, 1.5696443319320679, -1.571178674697876, 0.052168041467666626, -0.13195446133613586, -0.15190106630325317, 0.3697793483734131, 0.8239482045173645, 1.232086420059204, -0.7150090336799622, 1.2458956241607666, 0.15957283973693848, -0.392794668674469, 0.2194126546382904, -0.3667106628417969, 0.0, 0.0,]
---
[ -0.1887255609035492, 0.1871912181377411, -0.04756497964262962, 0.04603062570095062, 1.5696443319320679, -1.571178674697876, 0.04449627175927162, -0.14269493520259857, -0.13502316176891327, 0.3973977267742157, 0.8362230062484741, 1.446895956993103, -0.7334213256835938, 1.5144076347351074, 0.14116059243679047, -0.4219473898410797, 0.2240157127380371, -0.4250161051750183, 0.0, 0.0,]
---
[ -0.1887255609035492, 0.1871912181377411, -0.04756497964262962, 0.04603062570095062, 1.5696443319320679, -1.571178674697876, 0.04756497964262962, -0.10893914848566055, -0.14576365053653717, 0.30840519070625305, 0.8285512924194336, 1.1507656574249268, -0.7226808071136475, 1.1492313146591187, 0.15343542397022247, -0.32835179567337036, 0.2209469974040985, -0.3421609699726105, 0.0, 0.0,]
---
[ -0.1887255609035492, 0.1871912181377411, -0.04756497964262962, 0.04603062570095062, 1.5696443319320679, -1.571178674697876, 0.06290852278470993, -0.07364900410175323, -0.1856568604707718, 0.2117408812046051, 0.7978641986846924, 0.7840549945831299, -0.6751158237457275, 0.6551692485809326, 0.1948629766702652, -0.2255500704050064, 0.2071378231048584, -0.2040691077709198, 0.0, 0.0,]
---
[ -0.1887255609035492, 0.1871912181377411, -0.04756497964262962, 0.04603062570095062, 1.5696443319320679, -1.571178674697876, 0.08745818585157394, -0.05523674935102463, -0.2547028064727783, 0.15803848206996918, 0.8684444427490234, 0.8178107738494873, -0.7656427621841431, 0.7058029174804688, 0.2669776380062103, -0.16877895593643188, 0.2332218438386917, -0.2194126546382904, 0.0, 0.0,]
---
[ -0.1887255609035492, 0.1871912181377411, -0.04756497964262962, 0.04603062570095062, 1.5696443319320679, -1.571178674697876, 0.12274833768606186, -0.049099333584308624, -0.3498327434062958, 0.13655751943588257, 1.2965292930603027, 0.8316199779510498, -1.3333537578582764, 0.7272838950157166, 0.368245005607605, -0.14729800820350647, 0.3820541799068451, -0.2255500704050064, 0.0, 0.0,]
---
[ -0.1887255609035492, 0.1871912181377411, -0.04756497964262962, 0.04603062570095062, 1.5696443319320679, -1.571178674697876, 0.14116059243679047, -0.050633687525987625, -0.3958633840084076, 0.14576365053653717, 1.4300180673599243, 0.8270168900489807, -1.4929265975952148, 0.7196121215820312, 0.4188787043094635, -0.15496976673603058, 0.4158099889755249, -0.2240157127380371, 0.0, 0.0,]
---
[ -0.1887255609035492, 0.1871912181377411, -0.04756497964262962, 0.04603062570095062, 1.5696443319320679, -1.571178674697876, 0.11661092191934586, -0.06290852278470993, -0.33295485377311707, 0.1810537874698639, 1.0801852941513062, 0.7978641986846924, -1.0479638576507568, 0.6766502261161804, 0.35136711597442627, -0.1933286339044571, 0.31147390604019165, -0.2117408812046051, 0.0, 0.0,]
---
[ -0.1887255609035492, 0.1871912181377411, -0.04756497964262962, 0.04603062570095062, 1.5696443319320679, -1.571178674697876, 0.08745818585157394, -0.08899254351854324, -0.2547028064727783, 0.2547028064727783, 0.713474690914154, 0.7088716626167297, -0.5462300777435303, 0.5400926470756531, 0.2669776380062103, -0.27158069610595703, 0.16877895593643188, -0.17031331360340118, 0.0, 0.0,]
---
[ -0.1887255609035492, 0.1871912181377411, -0.04756497964262962, 0.04603062570095062, 1.5696443319320679, -1.571178674697876, 0.06444287300109863, -0.11047349870204926, -0.1902599185705185, 0.31300824880599976, 0.7932611107826233, 0.834688663482666, -0.6674440503120422, 0.711940348148346, 0.1994660496711731, -0.33295485377311707, 0.2056034654378891, -0.2224813550710678, 0.0, 0.0,]
---
[ -0.1887255609035492, 0.1871912181377411, -0.04756497964262962, 0.04603062570095062, 1.5696443319320679, -1.571178674697876, 0.049099333584308624, -0.13962623476982117, -0.14576365053653717, 0.3881916105747223, 0.8285512924194336, 1.3318194150924683, -0.7226808071136475, 1.3732470273971558, 0.15343542397022247, -0.4127412736415863, 0.2209469974040985, -0.3958633840084076, 0.0, 0.0,]
---
[ -0.1887255609035492, 0.1871912181377411, -0.04756497964262962, 0.04603062570095062, 1.5696443319320679, -1.571178674697876, 0.04603062570095062, -0.13809187710285187, -0.13502316176891327, 0.3835885524749756, 0.8362230062484741, 1.4192776679992676, -0.7334213256835938, 1.4837205410003662, 0.14116059243679047, -0.4081382155418396, 0.2240157127380371, -0.4188787043094635, 0.0, 0.0,]
---
[ -0.1887255609035492, 0.1871912181377411, -0.04756497964262962, 0.04603062570095062, 1.5696443319320679, -1.571178674697876, 0.052168041467666626, -0.09666431695222855, -0.15343542397022247, 0.27771809697151184, 0.8239482045173645, 1.02955162525177, -0.7150090336799622, 0.9896584749221802, 0.15957283973693848, -0.29459601640701294, 0.2194126546382904, -0.30073341727256775, 0.0, 0.0,]
---
[ -0.1887255609035492, 0.1871912181377411, -0.04756497964262962, 0.04603062570095062, 1.5696443319320679, -1.571178674697876, 0.06444287300109863, -0.06751158088445663, -0.1933286339044571, 0.1933286339044571, 0.7901924252510071, 0.7871236801147461, -0.6628410220146179, 0.6597722768783569, 0.2025347501039505, -0.2056034654378891, 0.2040691077709198, -0.2056034654378891, 0.0, 0.0,]
---
[ -0.1887255609035492, 0.1871912181377411, -0.04756497964262962, 0.04603062570095062, 1.5696443319320679, -1.571178674697876, 0.09206125140190125, -0.052168041467666626, -0.26851198077201843, 0.15036670863628387, 0.9436278343200684, 0.8239482045173645, -0.8715131878852844, 0.7150090336799622, 0.28232118487358093, -0.16110719740390778, 0.26390892267227173, -0.2224813550710678, 0.0, 0.0,]
---
[ -0.1887255609035492, 0.1871912181377411, -0.04756497964262962, 0.04603062570095062, 1.5696443319320679, -1.571178674697876, 0.13195446133613586, -0.04603062570095062, -0.3713137209415436, 0.13502316176891327, 1.3839874267578125, 0.8331543207168579, -1.4392242431640625, 0.7303525805473328, 0.392794668674469, -0.14422929286956787, 0.405069500207901, -0.22708441317081451, 0.0, 0.0,]
---
[ -0.1887255609035492, 0.1871912181377411, -0.04756497964262962, 0.04603062570095062, 1.5696443319320679, -1.571178674697876, 0.13962623476982117, -0.052168041467666626, -0.3912603259086609, 0.14883235096931458, 1.3947279453277588, 0.8239482045173645, -1.4499647617340088, 0.7150090336799622, 0.4127412736415863, -0.15957283973693848, 0.4066038727760315, -0.2224813550710678, 0.0, 0.0,]
---
[ -0.1887255609035492, 0.1871912181377411, -0.04756497964262962, 0.04603062570095062, 1.5696443319320679, -1.571178674697876, 0.10893914848566055, -0.06904593855142593, -0.31300824880599976, 0.1963973343372345, 0.9451621770858765, 0.7825206518173218, -0.8669100999832153, 0.6536349058151245, 0.32835179567337036, -0.2102065235376358, 0.2623745799064636, -0.2040691077709198, 0.0, 0.0,]
---
[ -0.1887255609035492, 0.1871912181377411, -0.04756497964262962, 0.04603062570095062, 1.5696443319320679, -1.571178674697876, 0.08592383563518524, -0.09206125140190125, -0.24856537580490112, 0.26390892267227173, 0.7211464643478394, 0.6919937133789062, -0.5585049390792847, 0.5155429840087891, 0.2623745799064636, -0.28078681230545044, 0.17184767127037048, -0.16264154016971588, 0.0, 0.0,]
---
[ -0.1887255609035492, 0.1871912181377411, -0.04756497964262962, 0.04603062570095062, 1.5696443319320679, -1.571178674697876, 0.05983981490135193, -0.11814527213573456, -0.1779850870370865, 0.33295485377311707, 0.8040015697479248, 0.9697118401527405, -0.6858563423156738, 0.8975971937179565, 0.1856568604707718, -0.35443583130836487, 0.2102065235376358, -0.27464941143989563, 0.0, 0.0,]
---
[ -0.1887255609035492, 0.1871912181377411, -0.04756497964262962, 0.04603062570095062, 1.5696443319320679, -1.571178674697876, 0.04756497964262962, -0.14269493520259857, -0.14269493520259857, 0.3973977267742157, 0.8300856351852417, 1.3839874267578125, -0.7257495522499084, 1.4376899003982544, 0.14883235096931458, -0.4219473898410797, 0.2224813550710678, -0.4096725583076477, 0.0, 0.0,]
---
[ -0.1887255609035492, 0.1871912181377411, -0.04756497964262962, 0.04603062570095062, 1.5696443319320679, -1.571178674697876, 0.04449627175927162, -0.12888574600219727, -0.13655751943588257, 0.3621075749397278, 0.834688663482666, 1.356369137763977, -0.7318869233131409, 1.4100714921951294, 0.14269493520259857, -0.3851228952407837, 0.2240157127380371, -0.4035351574420929, 0.0, 0.0,]
---
[ -0.1887255609035492, 0.1871912181377411, -0.04756497964262962, 0.04603062570095062, 1.5696443319320679, -1.571178674697876, 0.05370239540934563, -0.09052689373493195, -0.15803848206996918, 0.25777149200439453, 0.8208795189857483, 0.9512996077537537, -0.7088716626167297, 0.883787989616394, 0.16571025550365448, -0.27464941143989563, 0.2178782969713211, -0.27158069610595703, 0.0, 0.0,]
---
[ -0.1887255609035492, 0.1871912181377411, -0.04756497964262962, 0.04603062570095062, 1.5696443319320679, -1.571178674697876, 0.06751158088445663, -0.06444287300109863, -0.2025347501039505, 0.1810537874698639, 0.7809863090515137, 0.7978641986846924, -0.6505661606788635, 0.6766502261161804, 0.2117408812046051, -0.1933286339044571, 0.1994660496711731, -0.2102065235376358, 0.0, 0.0,]
---
[ -0.1887255609035492, 0.1871912181377411, -0.04756497964262962, 0.04603062570095062, 1.5696443319320679, -1.571178674697876, 0.10280173271894455, -0.050633687525987625, -0.29306164383888245, 0.14269493520259857, 1.0679105520248413, 0.8285512924194336, -1.0387578010559082, 0.7226808071136475, 0.30840519070625305, -0.15190106630325317, 0.30993953347206116, -0.2240157127380371, 0.0, 0.0,]
---
[ -0.1887255609035492, 0.1871912181377411, -0.04756497964262962, 0.04603062570095062, 1.5696443319320679, -1.571178674697876, 0.13655751943588257, -0.04603062570095062, -0.3835885524749756, 0.13502316176891327, 1.423880696296692, 0.8331543207168579, -1.4867892265319824, 0.7303525805473328, 0.405069500207901, -0.14422929286956787, 0.4142756462097168, -0.22708441317081451, 0.0, 0.0,]
---
[ -0.1887255609035492, 0.1871912181377411, -0.04756497964262962, 0.04603062570095062, 1.5696443319320679, -1.571178674697876, 0.13348881900310516, -0.05523674935102463, -0.3759167790412903, 0.15803848206996918, 1.3118728399276733, 0.8178107738494873, -1.3471629619598389, 0.7058029174804688, 0.3973977267742157, -0.16877895593643188, 0.3851228952407837, -0.2194126546382904, 0.0, 0.0,]
---
[ -0.1887255609035492, 0.1871912181377411, -0.04756497964262962, 0.04603062570095062, 1.5696443319320679, -1.571178674697876, 0.10433608293533325, -0.07364900410175323, -0.29919907450675964, 0.2086721658706665, 0.8577039837837219, 0.7702457904815674, -0.7456961274147034, 0.6336882710456848, 0.31607696413993835, -0.2224813550710678, 0.22708441317081451, -0.1979316920042038, 0.0, 0.0,]
---
[ -0.1887255609035492, 0.1871912181377411, -0.04756497964262962, 0.04603062570095062, 1.5696443319320679, -1.571178674697876, 0.07671771198511124, -0.09973302483558655, -0.2301531285047531, 0.28385552763938904, 0.7487648725509644, 0.6597722768783569, -0.6014668345451355, 0.4664436876773834, 0.24089360237121582, -0.30226778984069824, 0.1856568604707718, -0.14729800820350647, 0.0, 0.0,]
---
[ -0.1887255609035492, 0.1871912181377411, -0.04756497964262962, 0.04603062570095062, 1.5696443319320679, -1.571178674697876, 0.05523674935102463, -0.12581704556941986, -0.16571025550365448, 0.35443583130836487, 0.813207745552063, 1.104735016822815, -0.6996654868125916, 1.078650951385498, 0.17338202893733978, -0.3759167790412903, 0.2148095816373825, -0.32528308033943176, 0.0, 0.0,]
---
[ -0.1887255609035492, 0.1871912181377411, -0.04756497964262962, 0.04603062570095062, 1.5696443319320679, -1.571178674697876, 0.04603062570095062, -0.14422929286956787, -0.13962623476982117, 0.4020007848739624, 0.8331543207168579, 1.4208120107650757, -0.7288182377815247, 1.4837205410003662, 0.14576365053653717, -0.4265504777431488, 0.2224813550710678, -0.4188787043094635, 0.0, 0.0,]
---
[ -0.1887255609035492, 0.1871912181377411, -0.04756497964262962, 0.04603062570095062, 1.5696443319320679, -1.571178674697876, 0.04603062570095062, -0.12121398001909256, -0.13809187710285187, 0.34369534254074097, 0.8331543207168579, 1.299597978591919, -0.7303525805473328, 1.3379569053649902, 0.14422929286956787, -0.3651762902736664, 0.2240157127380371, -0.3881916105747223, 0.0, 0.0,]
---
[ -0.1887255609035492, 0.1871912181377411, -0.04756497964262962, 0.04603062570095062, 1.5696443319320679, -1.571178674697876, 0.05677110329270363, -0.07978641986846924, -0.16877895593643188, 0.2301531285047531, 0.8116733431816101, 0.8500322103500366, -0.6965968012809753, 0.7441617846488953, 0.1764507293701172, -0.24549667537212372, 0.2132752388715744, -0.2316874861717224, 0.0, 0.0,]
---
[ -0.1887255609035492, 0.1871912181377411, -0.04756497964262962, 0.04603062570095062, 1.5696443319320679, -1.571178674697876, 0.07518335431814194, -0.05830546095967293, -0.2194126546382904, 0.16724461317062378, 0.7794519066810608, 0.810139000415802, -0.6459631323814392, 0.6950624585151672, 0.2301531285047531, -0.1779850870370865, 0.1979316920042038, -0.2163439393043518, 0.0, 0.0,]
---
[ -0.1887255609035492, 0.1871912181377411, -0.04756497964262962, 0.04603062570095062, 1.5696443319320679, -1.571178674697876, 0.11200785636901855, -0.04756497964262962, -0.32068002223968506, 0.13809187710285187, 1.1906588077545166, 0.8316199779510498, -1.1998649835586548, 0.7272838950157166, 0.33755791187286377, -0.14576365053653717, 0.35136711597442627, -0.2255500704050064, 0.0, 0.0,]
---
[ -0.1887255609035492, 0.1871912181377411, -0.04756497964262962, 0.04603062570095062, 1.5696443319320679, -1.571178674697876, 0.14116059243679047, -0.049099333584308624, -0.3958633840084076, 0.13809187710285187, 1.453033447265625, 0.8316199779510498, -1.5205450057983398, 0.7272838950157166, 0.417344331741333, -0.14729800820350647, 0.4204130470752716, -0.2255500704050064, 0.0, 0.0,]
---
[ -0.1887255609035492, 0.1871912181377411, -0.04756497964262962, 0.04603062570095062, 1.5696443319320679, -1.571178674697876, 0.12581704556941986, -0.05983981490135193, -0.3575045168399811, 0.16877895593643188, 1.202933669090271, 0.8086046576499939, -1.209071159362793, 0.6919937133789062, 0.3759167790412903, -0.1810537874698639, 0.3529014587402344, -0.2148095816373825, 0.0, 0.0,]
---
[ -0.1887255609035492, 0.1871912181377411, -0.04756497964262962, 0.04603062570095062, 1.5696443319320679, -1.571178674697876, 0.09819866716861725, -0.07978641986846924, -0.28078681230545044, 0.2286187708377838, 0.7502992153167725, 0.7456961274147034, -0.5937950611114502, 0.5983981490135193, 0.29613035917282104, -0.24396231770515442, 0.1825881451368332, -0.1871912181377411, 0.0, 0.0,]
---
[ -0.1887255609035492, 0.1871912181377411, -0.04756497964262962, 0.04603062570095062, 1.5696443319320679, -1.571178674697876, 0.07211464643478394, -0.10433608293533325, -0.2102065235376358, 0.29919907450675964, 0.7717801332473755, 0.713474690914154, -0.6352226138114929, 0.541627049446106, 0.2209469974040985, -0.31761130690574646, 0.1948629766702652, -0.17031331360340118, 0.0, 0.0,]
---
[ -0.1887255609035492, 0.1871912181377411, -0.04756497964262962, 0.04603062570095062, 1.5696443319320679, -1.571178674697876, 0.052168041467666626, -0.13042010366916656, -0.15957283973693848, 0.368245005607605, 0.8193451166152954, 1.1891244649887085, -0.7073372602462769, 1.1906588077545166, 0.16724461317062378, -0.3897259533405304, 0.2163439393043518, -0.3529014587402344, 0.0, 0.0,]
---
[ -0.1887255609035492, 0.1871912181377411, -0.04756497964262962, 0.04603062570095062, 1.5696443319320679, -1.571178674697876, 0.04449627175927162, -0.14269493520259857, -0.13655751943588257, 0.3973977267742157, 0.834688663482666, 1.446895956993103, -0.7318869233131409, 1.5144076347351074, 0.14269493520259857, -0.4234817624092102, 0.2240157127380371, -0.4250161051750183, 0.0, 0.0,]
---
[ -0.1887255609035492, 0.1871912181377411, -0.04756497964262962, 0.04603062570095062, 1.5696443319320679, -1.571178674697876, 0.04756497964262962, -0.11047349870204926, -0.14269493520259857, 0.31454262137413025, 0.8316199779510498, 1.1921931505203247, -0.7257495522499084, 1.204468011856079, 0.14883235096931458, -0.33448922634124756, 0.2224813550710678, -0.355970174074173, 0.0, 0.0,]
---
[ -0.1887255609035492, 0.1871912181377411, -0.04756497964262962, 0.04603062570095062, 1.5696443319320679, -1.571178674697876, 0.06137416884303093, -0.07058029621839523, -0.1810537874698639, 0.2056034654378891, 0.8009328842163086, 0.7917267680168152, -0.6812532544136047, 0.6659097075462341, 0.1902599185705185, -0.2178782969713211, 0.2086721658706665, -0.2086721658706665, 0.0, 0.0,]
---
[ -0.1887255609035492, 0.1871912181377411, -0.04756497964262962, 0.04603062570095062, 1.5696443319320679, -1.571178674697876, 0.08285512775182724, -0.05523674935102463, -0.24242796003818512, 0.15650412440299988, 0.8408260941505432, 0.8193451166152954, -0.7303525805473328, 0.7073372602462769, 0.2547028064727783, -0.16724461317062378, 0.2224813550710678, -0.2209469974040985, 0.0, 0.0,]
---
[ -0.1887255609035492, 0.1871912181377411, -0.04756497964262962, 0.04603062570095062, 1.5696443319320679, -1.571178674697876, 0.12274833768606186, -0.04756497964262962, -0.34676405787467957, 0.13502316176891327, 1.299597978591919, 0.834688663482666, -1.3364224433898926, 0.7303525805473328, 0.3667106628417969, -0.14422929286956787, 0.3835885524749756, -0.22708441317081451, 0.0, 0.0,]
---
[ -0.1887255609035492, 0.1871912181377411, -0.04756497964262962, 0.04603062570095062, 1.5696443319320679, -1.571178674697876, 0.14269493520259857, -0.049099333584308624, -0.3989320993423462, 0.14269493520259857, 1.4422929286956787, 0.8285512924194336, -1.5082701444625854, 0.7226808071136475, 0.4204130470752716, -0.15190106630325317, 0.4188787043094635, -0.2240157127380371, 0.0, 0.0,]
---
[ -0.1887255609035492, 0.1871912181377411, -0.04756497964262962, 0.04603062570095062, 1.5696443319320679, -1.571178674697876, 0.11814527213573456, -0.06290852278470993, -0.33602356910705566, 0.1825881451368332, 1.07711660861969, 0.7963297963142395, -1.0433608293533325, 0.6751158237457275, 0.35443583130836487, -0.1948629766702652, 0.31147390604019165, -0.2102065235376358, 0.0, 0.0,]
---
[ -0.1887255609035492, 0.1871912181377411, -0.04756497964262962, 0.04603062570095062, 1.5696443319320679, -1.571178674697876, 0.09206125140190125, -0.08899254351854324, -0.26544326543807983, 0.25009971857070923, 0.7011998891830444, 0.7150090336799622, -0.5278178453445435, 0.5508331656455994, 0.27925246953964233, -0.2669776380062103, 0.16264154016971588, -0.17338202893733978, 0.0, 0.0,]
---
[ -0.1887255609035492, 0.1871912181377411, -0.04756497964262962, 0.04603062570095062, 1.5696443319320679, -1.571178674697876, 0.06444287300109863, -0.11200785636901855, -0.1948629766702652, 0.31607696413993835, 0.788658082485199, 0.8300856351852417, -0.6613066792488098, 0.7042685747146606, 0.2040691077709198, -0.33602356910705566, 0.2040691077709198, -0.2194126546382904, 0.0, 0.0,]
---
[ -0.1887255609035492, 0.1871912181377411, -0.04756497964262962, 0.04603062570095062, 1.5696443319320679, -1.571178674697876, 0.050633687525987625, -0.13809187710285187, -0.15036670863628387, 0.3851228952407837, 0.8254825472831726, 1.299597978591919, -0.7180777788162231, 1.3318194150924683, 0.15803848206996918, -0.4096725583076477, 0.2194126546382904, -0.3866572678089142, 0.0, 0.0,]
---
[ -0.1887255609035492, 0.1871912181377411, -0.04756497964262962, 0.04603062570095062, 1.5696443319320679, -1.571178674697876, 0.04603062570095062, -0.13809187710285187, -0.13502316176891327, 0.3835885524749756, 0.8362230062484741, 1.4192776679992676, -0.7334213256835938, 1.4852548837661743, 0.14116059243679047, -0.4081382155418396, 0.2240157127380371, -0.4188787043094635, 0.0, 0.0,]
---
[ -0.1887255609035492, 0.1871912181377411, -0.04756497964262962, 0.04603062570095062, 1.5696443319320679, -1.571178674697876, 0.049099333584308624, -0.09973302483558655, -0.14883235096931458, 0.28538987040519714, 0.8270168900489807, 1.0740479230880737, -0.7196121215820312, 1.0479638576507568, 0.15650412440299988, -0.30226778984069824, 0.2209469974040985, -0.31607696413993835, 0.0, 0.0,]
---
[ -0.1887255609035492, 0.1871912181377411, -0.04756497964262962, 0.04603062570095062, 1.5696443319320679, -1.571178674697876, 0.06444287300109863, -0.06597723066806793, -0.1902599185705185, 0.1887255609035492, 0.7932611107826233, 0.7917267680168152, -0.6674440503120422, 0.6659097075462341, 0.1994660496711731, -0.2010003924369812, 0.2056034654378891, -0.2071378231048584, 0.0, 0.0,]
---
[ -0.1887255609035492, 0.1871912181377411, -0.04756497964262962, 0.04603062570095062, 1.5696443319320679, -1.571178674697876, 0.09206125140190125, -0.050633687525987625, -0.26544326543807983, 0.14729800820350647, 0.9466965198516846, 0.8254825472831726, -0.8761162161827087, 0.7180777788162231, 0.27925246953964233, -0.15803848206996918, 0.26544326543807983, -0.2224813550710678, 0.0, 0.0,]
---
[ -0.1887255609035492, 0.1871912181377411, -0.04756497964262962, 0.04603062570095062, 1.5696443319320679, -1.571178674697876, 0.13195446133613586, -0.04603062570095062, -0.3713137209415436, 0.13348881900310516, 1.3839874267578125, 0.834688663482666, -1.4407585859298706, 0.7318869233131409, 0.3912603259086609, -0.14269493520259857, 0.405069500207901, -0.22708441317081451, 0.0, 0.0,]
---
[ -0.1887255609035492, 0.1871912181377411, -0.04756497964262962, 0.04603062570095062, 1.5696443319320679, -1.571178674697876, 0.13962623476982117, -0.052168041467666626, -0.3912603259086609, 0.14883235096931458, 1.3931936025619507, 0.8239482045173645, -1.4484302997589111, 0.7150090336799622, 0.4127412736415863, -0.15957283973693848, 0.4066038727760315, -0.2224813550710678, 0.0, 0.0,]
---
[ -0.1887255609035492, 0.1871912181377411, -0.04756497964262962, 0.04603062570095062, 1.5696443319320679, -1.571178674697876, 0.11047349870204926, -0.06904593855142593, -0.31454262137413025, 0.1979316920042038, 0.9420934915542603, 0.7825206518173218, -0.862307071685791, 0.6521005034446716, 0.33142051100730896, -0.2117408812046051, 0.26084020733833313, -0.2040691077709198, 0.0, 0.0,]
---
[ -0.1887255609035492, 0.1871912181377411, -0.04756497964262962, 0.04603062570095062, 1.5696443319320679, -1.571178674697876, 0.08745818585157394, -0.09359560906887054, -0.2516340911388397, 0.2669776380062103, 0.716543436050415, 0.68892502784729, -0.5523675084114075, 0.5109399557113647, 0.26544326543807983, -0.28232118487358093, 0.17031331360340118, -0.16110719740390778, 0.0, 0.0,]
---
[ -0.1887255609035492, 0.1871912181377411, -0.04756497964262962, 0.04603062570095062, 1.5696443319320679, -1.571178674697876, 0.06137416884303093, -0.11661092191934586, -0.1841225028038025, 0.32835179567337036, 0.7978641986846924, 0.9206125140190125, -0.6766502261161804, 0.8300856351852417, 0.1933286339044571, -0.3498327434062958, 0.2071378231048584, -0.2562371492385864, 0.0, 0.0,]
---
[ -0.1887255609035492, 0.1871912181377411, -0.04756497964262962, 0.04603062570095062, 1.5696443319320679, -1.571178674697876, 0.04756497964262962, -0.14269493520259857, -0.14422929286956787, 0.3973977267742157, 0.8300856351852417, 1.3839874267578125, -0.7242151498794556, 1.4361555576324463, 0.15036670863628387, -0.4234817624092102, 0.2224813550710678, -0.4096725583076477, 0.0, 0.0,]
---
[ -0.1887255609035492, 0.1871912181377411, -0.04756497964262962, 0.04603062570095062, 1.5696443319320679, -1.571178674697876, 0.04603062570095062, -0.13195446133613586, -0.13502316176891327, 0.3697793483734131, 0.8362230062484741, 1.3824530839920044, -0.7318869233131409, 1.4392242431640625, 0.14116059243679047, -0.392794668674469, 0.2240157127380371, -0.4096725583076477, 0.0, 0.0,]
---
[ -0.1887255609035492, 0.1871912181377411, -0.04756497964262962, 0.04603062570095062, 1.5696443319320679, -1.571178674697876, 0.05370239540934563, -0.08899254351854324, -0.15650412440299988, 0.2562371492385864, 0.8208795189857483, 0.9528339505195618, -0.7104060053825378, 0.886856734752655, 0.16417589783668518, -0.27158069610595703, 0.2178782969713211, -0.27158069610595703, 0.0, 0.0,]
---
[ -0.1887255609035492, 0.1871912181377411, -0.04756497964262962, 0.04603062570095062, 1.5696443319320679, -1.571178674697876, 0.06751158088445663, -0.06290852278470993, -0.2010003924369812, 0.1795194447040558, 0.7825206518173218, 0.8009328842163086, -0.6536349058151245, 0.6797189116477966, 0.2102065235376358, -0.1902599185705185, 0.2010003924369812, -0.2117408812046051, 0.0, 0.0,]
---
[ -0.1887255609035492, 0.1871912181377411, -0.04756497964262962, 0.04603062570095062, 1.5696443319320679, -1.571178674697876, 0.10126737505197525, -0.049099333584308624, -0.29306164383888245, 0.14116059243679047, 1.0694448947906494, 0.8300856351852417, -1.0402921438217163, 0.7242151498794556, 0.30840519070625305, -0.15036670863628387, 0.30993953347206116, -0.2255500704050064, 0.0, 0.0,]
---
[ -0.1887255609035492, 0.1871912181377411, -0.04756497964262962, 0.04603062570095062, 1.5696443319320679, -1.571178674697876, 0.13809187710285187, -0.04756497964262962, -0.3881916105747223, 0.13502316176891327, 1.4376899003982544, 0.8331543207168579, -1.5036671161651611, 0.7303525805473328, 0.4096725583076477, -0.14422929286956787, 0.417344331741333, -0.22708441317081451, 0.0, 0.0,]
---
[ -0.1887255609035492, 0.1871912181377411, -0.04756497964262962, 0.04603062570095062, 1.5696443319320679, -1.571178674697876, 0.06597723066806793, -0.06290852278470993, -0.1963973343372345, 0.1825881451368332, 0.7871236801147461, 0.7978641986846924, -0.6597722768783569, 0.6751158237457275, 0.2056034654378891, -0.1948629766702652, 0.2025347501039505, -0.2102065235376358, 0.0, 0.0,]
---
[ -0.1887255609035492, 0.1871912181377411, -0.04756497964262962, 0.04603062570095062, 1.5696443319320679, -1.571178674697876, 0.06597723066806793, -0.06290852278470993, -0.1963973343372345, 0.1825881451368332, 0.7871236801147461, 0.7978641986846924, -0.6597722768783569, 0.6751158237457275, 0.2056034654378891, -0.1948629766702652, 0.2025347501039505, -0.2102065235376358, 0.0, 0.0,]
---
[ -0.1887255609035492, 0.1871912181377411, -0.04756497964262962, 0.04603062570095062, 1.5696443319320679, -1.571178674697876, 0.06597723066806793, -0.06290852278470993, -0.1963973343372345, 0.1825881451368332, 0.7871236801147461, 0.7978641986846924, -0.6597722768783569, 0.6751158237457275, 0.2056034654378891, -0.1948629766702652, 0.2025347501039505, -0.2102065235376358, 0.0, 0.0,]
---