[ -0.1887255609035492, 0.1871912181377411, -0.04756497964262962, 0.04603062570095062, 1.5696443319320679, -1.571178674697876, 0.06597723066806793, -0.06290852278470993, -0.1963973343372345, 0.1825881451368332, 1.4714456796646118, 1.4837205410003662, -1.8795838356018066, 1.8719121217727661, 0.2056034654378891, -0.1948629766702652, 0.6720471382141113, -0.684321939945221, 0.0, 0.0,]
---
[ -0.1764507293701172, 0.1749163717031479, -0.1871912181377411, 0.1841225028038025, 1.4975297451019287, -1.500598430633545, 0.06597723066806793, -0.06290852278470993, -0.1963973343372345, 0.1825881451368332, 1.4561021327972412, 1.4653083086013794, -1.850431203842163, 1.841225028038025, 0.2056034654378891, -0.1948629766702652, 0.6597722768783569, -0.6720471382141113, 0.0, 0.0,]
---
[ -0.16417589783668518, 0.16417589783668518, -0.32528308033943176, 0.32374873757362366, 1.4254150390625, -1.4284837245941162, 0.06751158088445663, -0.06290852278470993, -0.1963973343372345, 0.1825881451368332, 1.4561021327972412, 1.4653083086013794, -1.850431203842163, 1.841225028038025, 0.2056034654378891, -0.1948629766702652, 0.6597722768783569, -0.6720471382141113, 0.0, 0.0,]
---
[ -0.15190106630325317, 0.15343542397022247, -0.4633749723434448, 0.46184059977531433, 1.3533004522323608, -1.3579034805297852, 0.06904593855142593, -0.06290852278470993, -0.1963973343372345, 0.1825881451368332, 1.4561021327972412, 1.4653083086013794, -1.850431203842163, 1.841225028038025, 0.2056034654378891, -0.1948629766702652, 0.6597722768783569, -0.6720471382141113, 0.0, 0.0,]
---
[ -0.13962623476982117, 0.14269493520259857, -0.6030011773109436, 0.6014668345451355, 1.2811857461929321, -1.2857887744903564, 0.07058029621839523, -0.06290852278470993, -0.1963973343372345, 0.1825881451368332, 1.4561021327972412, 1.4653083086013794, -1.850431203842163, 1.841225028038025, 0.2056034654378891, -0.1948629766702652, 0.6597722768783569, -0.6720471382141113, 0.0, 0.0,]
---
[ -0.12735140323638916, 0.13195446133613586, -0.741093099117279, 0.7395586967468262, 1.209071159362793, -1.2136741876602173, 0.07211464643478394, -0.06290852278470993, -0.1963973343372345, 0.1825881451368332, 1.4561021327972412, 1.4653083086013794, -1.850431203842163, 1.841225028038025, 0.2056034654378891, -0.1948629766702652, 0.6597722768783569, -0.6720471382141113, 0.0, 0.0,]
---
[ -0.11507656425237656, 0.12121398001909256, -0.8791849613189697, 0.8791849613189697, 1.1369564533233643, -1.1430938243865967, 0.07364900410175323, -0.06290852278470993, -0.1963973343372345, 0.1825881451368332, 1.4561021327972412, 1.4653083086013794, -1.850431203842163, 1.841225028038025, 0.2056034654378891, -0.1948629766702652, 0.6597722768783569, -0.6720471382141113, 0.0, 0.0,]
---
[ -0.10280173271894455, 0.11047349870204926, -1.0172768831253052, 1.0172768831253052, 1.064841866493225, -1.0709792375564575, 0.07518335431814194, -0.06290852278470993, -0.1963973343372345, 0.1825881451368332, 1.4561021327972412, 1.4653083086013794, -1.850431203842163, 1.841225028038025, 0.2056034654378891, -0.1948629766702652, 0.6597722768783569, -0.6720471382141113, 0.0, 0.0,]
---
[ -0.09052689373493195, 0.09973302483558655, -1.1569030284881592, 1.1569030284881592, 0.9927271604537964, -0.9988645911216736, 0.07671771198511124, -0.06290852278470993, -0.1963973343372345, 0.1825881451368332, 1.4561021327972412, 1.4653083086013794, -1.850431203842163, 1.841225028038025, 0.2056034654378891, -0.1948629766702652, 0.6597722768783569, -0.6720471382141113, 0.0, 0.0,]
---
[ -0.07825206220149994, 0.08899254351854324, -1.2949949502944946, 1.2949949502944946, 0.9206125140190125, -0.9282842874526978, 0.07825206220149994, -0.06290852278470993, -0.1963973343372345, 0.1825881451368332, 1.4561021327972412, 1.4653083086013794, -1.850431203842163, 1.841225028038025, 0.2056034654378891, -0.1948629766702652, 0.6597722768783569, -0.6720471382141113, 0.0, 0.0,]
---
[ -0.06597723066806793, 0.07825206220149994, -1.43308687210083, 1.4346212148666382, 0.8484978675842285, -0.8561696410179138, 0.07978641986846924, -0.06290852278470993, -0.1963973343372345, 0.1825881451368332, 1.4561021327972412, 1.4653083086013794, -1.850431203842163, 1.841225028038025, 0.2056034654378891, -0.1948629766702652, 0.6597722768783569, -0.6720471382141113, 0.0, 0.0,]
---
[ -0.052168041467666626, 0.06751158088445663, -1.571178674697876, 1.5742473602294922, 0.7779175639152527, -0.7840549945831299, 0.08132077008485794, -0.06290852278470993, -0.1963973343372345, 0.1825881451368332, 1.4561021327972412, 1.4653083086013794, -1.850431203842163, 1.841225028038025, 0.2056034654378891, -0.1948629766702652, 0.6597722768783569, -0.6720471382141113, 0.0, 0.0,]
---
[ -0.03989320993423462, 0.05677110329270363, -1.7108049392700195, 1.7123392820358276, 0.7058029174804688, -0.713474690914154, 0.08132077008485794, -0.06290852278470993, -0.1963973343372345, 0.1825881451368332, 1.4561021327972412, 1.4653083086013794, -1.850431203842163, 1.841225028038025, 0.2056034654378891, -0.1948629766702652, 0.6597722768783569, -0.6720471382141113, 0.0, 0.0,]
---
[ -0.027618374675512314, 0.04603062570095062, -1.8488967418670654, 1.8519655466079712, 0.6336882710456848, -0.6413600444793701, 0.08285512775182724, -0.06290852278470993, -0.1963973343372345, 0.1825881451368332, 1.4561021327972412, 1.4653083086013794, -1.850431203842163, 1.841225028038025, 0.2056034654378891, -0.1948629766702652, 0.6597722768783569, -0.6720471382141113, 0.0, 0.0,]
---
[ -0.015343542210757732, 0.03529014810919762, -1.9869886636734009, 1.990057349205017, 0.5615736246109009, -0.5707797408103943, 0.08438947796821594, -0.06290852278470993, -0.1963973343372345, 0.1825881451368332, 1.4561021327972412, 1.4653083086013794, -1.850431203842163, 1.841225028038025, 0.2056034654378891, -0.1948629766702652, 0.6597722768783569, -0.6720471382141113, 0.0, 0.0,]
---
[ -0.003068708349019289, 0.024549666792154312, -2.126614809036255, 2.12968373298645, 0.48945897817611694, -0.49866512417793274, 0.08592383563518524, -0.06290852278470993, -0.1963973343372345, 0.1825881451368332, 1.4561021327972412, 1.4653083086013794, -1.850431203842163, 1.841225028038025, 0.2056034654378891, -0.1948629766702652, 0.6597722768783569, -0.6720471382141113, 0.0, 0.0,]
---
[ 0.009206125512719154, 0.013809187337756157, -2.26470685005188, 2.267775535583496, 0.417344331741333, -0.4265504777431488, 0.08745818585157394, -0.06290852278470993, -0.1963973343372345, 0.1825881451368332, 1.4561021327972412, 1.4653083086013794, -1.850431203842163, 1.841225028038025, 0.2056034654378891, -0.1948629766702652, 0.6597722768783569, -0.6720471382141113, 0.0, 0.0,]
---
[ 0.02148095890879631, 0.003068708349019289, -2.402798652648926, 2.4074018001556396, 0.3452296853065491, -0.355970174074173, 0.08899254351854324, -0.06290852278470993, -0.1963973343372345, 0.1825881451368332, 1.4561021327972412, 1.4653083086013794, -1.850431203842163, 1.841225028038025, 0.2056034654378891, -0.1948629766702652, 0.6597722768783569, -0.6720471382141113, 0.0, 0.0,]
---
[ 0.03375579044222832, -0.007671771105378866, -2.5408904552459717, 2.5454936027526855, 0.27311503887176514, -0.28385552763938904, 0.09052689373493195, -0.06290852278470993, -0.1963973343372345, 0.1825881451368332, 1.4561021327972412, 1.4653083086013794, -1.850431203842163, 1.841225028038025, 0.2056034654378891, -0.1948629766702652, 0.6597722768783569, -0.6720471382141113, 0.0, 0.0,]
---
[ 0.04603062570095062, -0.01841225102543831, -2.6805167198181152, 2.685119867324829, 0.2010003924369812, -0.2117408812046051, 0.09206125140190125, -0.06290852278470993, -0.1963973343372345, 0.1825881451368332, 1.4561021327972412, 1.4653083086013794, -1.850431203842163, 1.841225028038025, 0.2056034654378891, -0.1948629766702652, 0.6597722768783569, -0.6720471382141113, 0.0, 0.0,]
---
[ 0.05830546095967293, -0.029152730479836464, -2.8186087608337402, 2.823211669921875, 0.12888574600219727, -0.14116059243679047, 0.09359560906887054, -0.06290852278470993, -0.1963973343372345, 0.1825881451368332, 1.4561021327972412, 1.4653083086013794, -1.850431203842163, 1.841225028038025, 0.2056034654378891, -0.1948629766702652, 0.6597722768783569, -0.6720471382141113, 0.0, 0.0,]
---
[ 0.07058029621839523, -0.03989320993423462, -2.956700563430786, 2.9628379344940186, 0.05677110329270363, -0.06904593855142593, 0.09512995928525925, -0.06290852278470993, -0.1963973343372345, 0.1825881451368332, 1.4561021327972412, 1.4653083086013794, -1.850431203842163, 1.841225028038025, 0.2056034654378891, -0.1948629766702652, 0.6597722768783569, -0.6720471382141113, 0.0, 0.0,]
---
[ 0.08438947796821594, -0.050633687525987625, -3.094792366027832, 3.102464199066162, -0.013809187337756157, 0.003068708349019289, 0.09666431695222855, -0.06290852278470993, -0.1963973343372345, 0.1825881451368332, 1.4561021327972412, 1.4653083086013794, -1.850431203842163, 1.841225028038025, 0.2056034654378891, -0.1948629766702652, 0.6597722768783569, -0.6720471382141113, 0.0, 0.0,]
---
[ 0.08438947796821594, -0.050633687525987625, -3.094792366027832, 3.102464199066162, -0.013809187337756157, 0.003068708349019289, 0.09666431695222855, -0.06290852278470993, -0.1963973343372345, 0.1825881451368332, 1.4561021327972412, 1.4284837245941162, -1.8811181783676147, 1.801331877708435, 0.2056034654378891, -0.1948629766702652, 0.6597722768783569, -0.6720471382141113, 0.0, 0.0,]
---
[ 0.08438947796821594, -0.050633687525987625, -3.094792366027832, 3.102464199066162, -0.013809187337756157, 0.003068708349019289, 0.09666431695222855, -0.06290852278470993, -0.1963973343372345, 0.1825881451368332, 1.4561021327972412, 1.3916592597961426, -1.9102709293365479, 1.7629729509353638, 0.2056034654378891, -0.1948629766702652, 0.6597722768783569, -0.6720471382141113, 0.0, 0.0,]
---
[ 0.08438947796821594, -0.050633687525987625, -3.094792366027832, 3.102464199066162, -0.013809187337756157, 0.003068708349019289, 0.09666431695222855, -0.06290852278470993, -0.1963973343372345, 0.1825881451368332, 1.4561021327972412, 1.356369137763977, -1.939423680305481, 1.724614143371582, 0.2056034654378891, -0.1948629766702652, 0.6597722768783569, -0.6720471382141113, 0.0, 0.0,]
---
[ 0.08438947796821594, -0.050633687525987625, -3.094792366027832, 3.102464199066162, -0.013809187337756157, 0.003068708349019289, 0.09666431695222855, -0.06290852278470993, -0.1963973343372345, 0.1825881451368332, 1.4561021327972412, 1.3195445537567139, -1.968576431274414, 1.6847208738327026, 0.2056034654378891, -0.1948629766702652, 0.6597722768783569, -0.6720471382141113, 0.0, 0.0,]
---
[ 0.08438947796821594, -0.050633687525987625, -3.094792366027832, 3.102464199066162, -0.013809187337756157, 0.003068708349019289, 0.09666431695222855, -0.06290852278470993, -0.1963973343372345, 0.1825881451368332, 1.4561021327972412, 1.2842544317245483, -1.9992635250091553, 1.646362066268921, 0.2056034654378891, -0.1948629766702652, 0.6597722768783569, -0.6720471382141113, 0.0, 0.0,]
---
[ 0.08438947796821594, -0.050633687525987625, -3.094792366027832, 3.102464199066162, -0.013809187337756157, 0.003068708349019289, 0.09666431695222855, -0.06290852278470993, -0.1963973343372345, 0.1825881451368332, 1.4561021327972412, 1.2474299669265747, -2.028416156768799, 1.6080031394958496, 0.2056034654378891, -0.1948629766702652, 0.6597722768783569, -0.6720471382141113, 0.0, 0.0,]
---
[ 0.08438947796821594, -0.050633687525987625, -3.094792366027832, 3.102464199066162, -0.013809187337756157, 0.003068708349019289, 0.09666431695222855, -0.06290852278470993, -0.1963973343372345, 0.1825881451368332, 1.4561021327972412, 1.2121398448944092, -2.0575690269470215, 1.5696443319320679, 0.2056034654378891, -0.1948629766702652, 0.6597722768783569, -0.6720471382141113, 0.0, 0.0,]
---
[ 0.08438947796821594, -0.050633687525987625, -3.094792366027832, 3.102464199066162, -0.013809187337756157, 0.003068708349019289, 0.09666431695222855, -0.06290852278470993, -0.1963973343372345, 0.1825881451368332, 1.4561021327972412, 1.175315260887146, -2.086721658706665, 1.529751181602478, 0.2056034654378891, -0.1948629766702652, 0.6597722768783569, -0.6720471382141113, 0.0, 0.0,]
---
[ 0.08438947796821594, -0.050633687525987625, -3.094792366027832, 3.102464199066162, -0.013809187337756157, 0.003068708349019289, 0.09666431695222855, -0.06290852278470993, -0.1963973343372345, 0.1825881451368332, 1.4561021327972412, 1.1400251388549805, -2.1174087524414062, 1.4913922548294067, 0.2056034654378891, -0.1948629766702652, 0.6597722768783569, -0.6720471382141113, 0.0, 0.0,]
---
[ 0.08438947796821594, -0.050633687525987625, -3.094792366027832, 3.102464199066162, -0.013809187337756157, 0.003068708349019289, 0.09666431695222855, -0.06290852278470993, -0.1963973343372345, 0.1825881451368332, 1.4561021327972412, 1.1032006740570068, -2.146561622619629, 1.453033447265625, 0.2056034654378891, -0.1948629766702652, 0.6597722768783569, -0.6720471382141113, 0.0, 0.0,]
---
[ 0.08438947796821594, -0.050633687525987625, -3.094792366027832, 3.102464199066162, -0.013809187337756157, 0.003068708349019289, 0.09666431695222855, -0.06290852278470993, -0.1963973343372345, 0.1825881451368332, 1.4561021327972412, 1.0679105520248413, -2.1757142543792725, 1.4146745204925537, 0.2056034654378891, -0.1948629766702652, 0.6597722768783569, -0.6720471382141113, 0.0, 0.0,]
---
[ 0.08438947796821594, -0.050633687525987625, -3.094792366027832, 3.102464199066162, -0.013809187337756157, 0.003068708349019289, 0.09666431695222855, -0.06290852278470993, -0.1963973343372345, 0.1825881451368332, 1.4561021327972412, 1.0310859680175781, -2.204866886138916, 1.3747813701629639, 0.2056034654378891, -0.1948629766702652, 0.6597722768783569, -0.6720471382141113, 0.0, 0.0,]
---
[ 0.08438947796821594, -0.050633687525987625, -3.094792366027832, 3.102464199066162, -0.013809187337756157, 0.003068708349019289, 0.09666431695222855, -0.06290852278470993, -0.1963973343372345, 0.1825881451368332, 1.4561021327972412, 0.9942615032196045, -2.2340197563171387, 1.3364224433898926, 0.2056034654378891, -0.1948629766702652, 0.6597722768783569, -0.6720471382141113, 0.0, 0.0,]
---
[ 0.08438947796821594, -0.050633687525987625, -3.094792366027832, 3.102464199066162, -0.013809187337756157, 0.003068708349019289, 0.09666431695222855, -0.06290852278470993, -0.1963973343372345, 0.1825881451368332, 1.4561021327972412, 0.958971381187439, -2.26470685005188, 1.2980636358261108, 0.2056034654378891, -0.1948629766702652, 0.6597722768783569, -0.6720471382141113, 0.0, 0.0,]
---
[ 0.08438947796821594, -0.050633687525987625, -3.094792366027832, 3.102464199066162, -0.013809187337756157, 0.003068708349019289, 0.09666431695222855, -0.06290852278470993, -0.1963973343372345, 0.1825881451368332, 1.4561021327972412, 0.9221468567848206, -2.2938594818115234, 1.258170485496521, 0.2056034654378891, -0.1948629766702652, 0.6597722768783569, -0.6720471382141113, 0.0, 0.0,]
---
[ 0.08438947796821594, -0.050633687525987625, -3.094792366027832, 3.102464199066162, -0.013809187337756157, 0.003068708349019289, 0.09666431695222855, -0.06290852278470993, -0.1963973343372345, 0.1825881451368332, 1.4561021327972412, 0.886856734752655, -2.323012351989746, 1.2198115587234497, 0.2056034654378891, -0.1948629766702652, 0.6597722768783569, -0.6720471382141113, 0.0, 0.0,]
---
[ 0.08438947796821594, -0.050633687525987625, -3.094792366027832, 3.102464199066162, -0.013809187337756157, 0.003068708349019289, 0.09666431695222855, -0.06290852278470993, -0.1963973343372345, 0.1825881451368332, 1.4561021327972412, 0.8500322103500366, -2.3521649837493896, 1.181452751159668, 0.2056034654378891, -0.1948629766702652, 0.6597722768783569, -0.6720471382141113, 0.0, 0.0,]
---
[ 0.08438947796821594, -0.050633687525987625, -3.094792366027832, 3.102464199066162, -0.013809187337756157, 0.003068708349019289, 0.09666431695222855, -0.06290852278470993, -0.1963973343372345, 0.1825881451368332, 1.4561021327972412, 0.8147420883178711, -2.382852077484131, 1.1430938243865967, 0.2056034654378891, -0.1948629766702652, 0.6597722768783569, -0.6720471382141113, 0.0, 0.0,]
---
[ 0.08438947796821594, -0.050633687525987625, -3.094792366027832, 3.102464199066162, -0.013809187337756157, 0.003068708349019289, 0.09666431695222855, -0.06290852278470993, -0.1963973343372345, 0.1825881451368332, 1.4561021327972412, 0.7779175639152527, -2.4120047092437744, 1.1032006740570068, 0.2056034654378891, -0.1948629766702652, 0.6597722768783569, -0.6720471382141113, 0.0, 0.0,]
---
[ 0.08438947796821594, -0.050633687525987625, -3.094792366027832, 3.102464199066162, -0.013809187337756157, 0.003068708349019289, 0.09666431695222855, -0.06290852278470993, -0.1963973343372345, 0.1825881451368332, 1.4561021327972412, 0.7426274418830872, -2.441157579421997, 1.064841866493225, 0.2056034654378891, -0.1948629766702652, 0.6597722768783569, -0.6720471382141113, 0.0, 0.0,]
---
[ 0.08438947796821594, -0.050633687525987625, -3.094792366027832, 3.102464199066162, -0.013809187337756157, 0.003068708349019289, 0.09666431695222855, -0.06290852278470993, -0.1963973343372345, 0.1825881451368332, 1.4561021327972412, 0.7058029174804688, -2.4703102111816406, 1.0264829397201538, 0.2056034654378891, -0.1948629766702652, 0.6597722768783569, -0.6720471382141113, 0.0, 0.0,]
---
[ 0.08438947796821594, -0.050633687525987625, -3.094792366027832, 3.102464199066162, -0.013809187337756157, 0.003068708349019289, 0.09666431695222855, -0.06290852278470993, -0.1963973343372345, 0.1825881451368332, 1.4561021327972412, 0.6705127954483032, -2.4994630813598633, 0.9881240725517273, 0.2056034654378891, -0.1948629766702652, 0.6597722768783569, -0.6720471382141113, 0.0, 0.0,]
---
[ 0.08438947796821594, -0.050633687525987625, -3.094792366027832, 3.102464199066162, -0.013809187337756157, 0.003068708349019289, 0.09666431695222855, -0.06290852278470993, -0.1963973343372345, 0.1825881451368332, 1.4561021327972412, 0.6705127954483032, -2.4994630813598633, 0.9881240725517273, 0.2056034654378891, -0.1948629766702652, 0.6597722768783569, -0.6720471382141113, 0.0, 0.0,]
---
[ 0.08438947796821594, -0.050633687525987625, -3.094792366027832, 3.102464199066162, -0.013809187337756157, 0.003068708349019289, 0.09666431695222855, -0.06290852278470993, -0.1963973343372345, 0.1825881451368332, 1.4561021327972412, 0.6705127954483032, -2.4994630813598633, 0.9881240725517273, 0.2056034654378891, -0.1948629766702652, 0.6597722768783569, -0.6720471382141113, 0.0, 0.0,]
---
[ 0.08438947796821594, -0.050633687525987625, -3.094792366027832, 3.102464199066162, -0.013809187337756157, 0.003068708349019289, 0.09666431695222855, -0.06290852278470993, -0.1963973343372345, 0.1825881451368332, 1.4561021327972412, 0.6705127954483032, -2.4994630813598633, 0.9881240725517273, 0.2056034654378891, -0.1948629766702652, 0.6597722768783569, -0.6720471382141113, 0.0, 0.0,]
---
[ 0.08438947796821594, -0.050633687525987625, -3.094792366027832, 3.102464199066162, -0.013809187337756157, 0.003068708349019289, 0.09666431695222855, -0.06290852278470993, -0.1963973343372345, 0.1825881451368332, 1.4561021327972412, 0.6705127954483032, -2.4994630813598633, 0.9881240725517273, 0.2056034654378891, -0.1948629766702652, 0.6597722768783569, -0.6720471382141113, 0.0, 0.0,]
---
[ 0.08438947796821594, -0.050633687525987625, -3.094792366027832, 3.102464199066162, -0.013809187337756157, 0.003068708349019289, 0.09666431695222855, -0.06290852278470993, -0.1963973343372345, 0.1825881451368332, 1.4561021327972412, 0.6705127954483032, -2.4994630813598633, 0.9881240725517273, 0.2056034654378891, -0.1948629766702652, 0.6597722768783569, -0.6720471382141113, 0.0, 0.0,]
---
[ 0.08438947796821594, -0.050633687525987625, -3.094792366027832, 3.102464199066162, -0.013809187337756157, 0.003068708349019289, 0.09666431695222855, -0.06290852278470993, -0.1963973343372345, 0.1825881451368332, 1.4561021327972412, 0.6705127954483032, -2.4994630813598633, 0.9881240725517273, 0.2056034654378891, -0.1948629766702652, 0.6597722768783569, -0.6720471382141113, 0.0, 0.0,]
---
[ 0.08438947796821594, -0.050633687525987625, -3.094792366027832, 3.102464199066162, -0.013809187337756157, 0.003068708349019289, 0.09666431695222855, -0.06290852278470993, -0.1963973343372345, 0.1825881451368332, 1.4561021327972412, 0.6705127954483032, -2.4994630813598633, 0.9881240725517273, 0.2056034654378891, -0.1948629766702652, 0.6597722768783569, -0.6720471382141113, 0.0, 0.0,]
---
[ 0.08438947796821594, -0.050633687525987625, -3.094792366027832, 3.102464199066162, -0.013809187337756157, 0.003068708349019289, 0.09666431695222855, -0.06290852278470993, -0.1963973343372345, 0.1825881451368332, 1.4561021327972412, 0.6705127954483032, -2.4994630813598633, 0.9881240725517273, 0.2056034654378891, -0.1948629766702652, 0.6597722768783569, -0.6720471382141113, 0.0, 0.0,]
---
[ 0.08438947796821594, -0.050633687525987625, -3.094792366027832, 3.102464199066162, -0.013809187337756157, 0.003068708349019289, 0.09666431695222855, -0.06290852278470993, -0.1963973343372345, 0.1825881451368332, 1.4561021327972412, 0.6705127954483032, -2.4994630813598633, 0.9881240725517273, 0.2056034654378891, -0.1948629766702652, 0.6597722768783569, -0.6720471382141113, 0.0, 0.0,]
---
[ 0.08438947796821594, -0.050633687525987625, -3.094792366027832, 3.102464199066162, -0.013809187337756157, 0.003068708349019289, 0.09666431695222855, -0.06290852278470993, -0.1963973343372345, 0.1825881451368332, 1.4561021327972412, 0.6705127954483032, -2.4994630813598633, 0.9881240725517273, 0.2056034654378891, -0.1948629766702652, 0.6597722768783569, -0.6720471382141113, 0.0, 0.0,]
---
[ 0.08438947796821594, -0.050633687525987625, -3.094792366027832, 3.102464199066162, -0.013809187337756157, 0.003068708349019289, 0.09666431695222855, -0.06290852278470993, -0.1963973343372345, 0.1825881451368332, 1.4561021327972412, 0.6705127954483032, -2.4994630813598633, 0.9881240725517273, 0.2056034654378891, -0.1948629766702652, 0.6597722768783569, -0.6720471382141113, 0.0, 0.0,]
---
[ 0.08438947796821594, -0.050633687525987625, -3.094792366027832, 3.102464199066162, -0.013809187337756157, 0.003068708349019289, 0.09666431695222855, -0.06290852278470993, -0.1963973343372345, 0.1825881451368332, 1.4561021327972412, 0.6705127954483032, -2.4994630813598633, 0.9881240725517273, 0.2056034654378891, -0.1948629766702652, 0.6597722768783569, -0.6720471382141113, 0.0, 0.0,]
---
[ 0.08438947796821594, -0.050633687525987625, -3.094792366027832, 3.102464199066162, -0.013809187337756157, 0.003068708349019289, 0.09666431695222855, -0.06290852278470993, -0.1963973343372345, 0.1825881451368332, 1.4561021327972412, 0.6705127954483032, -2.4994630813598633, 0.9881240725517273, 0.2056034654378891, -0.1948629766702652, 0.6597722768783569, -0.6720471382141113, 0.0, 0.0,]
---
[ 0.08438947796821594, -0.050633687525987625, -3.094792366027832, 3.102464199066162, -0.013809187337756157, 0.003068708349019289, 0.09666431695222855, -0.06290852278470993, -0.1963973343372345, 0.1825881451368332, 1.4561021327972412, 0.6705127954483032, -2.4994630813598633, 0.9881240725517273, 0.2056034654378891, -0.1948629766702652, 0.6597722768783569, -0.6720471382141113, 0.0, 0.0,]
---
[ 0.08438947796821594, -0.050633687525987625, -3.094792366027832, 3.102464199066162, -0.013809187337756157, 0.003068708349019289, 0.09666431695222855, -0.06290852278470993, -0.1963973343372345, 0.1825881451368332, 1.4561021327972412, 0.6705127954483032, -2.4994630813598633, 0.9881240725517273, 0.2056034654378891, -0.1948629766702652, 0.6597722768783569, -0.6720471382141113, 0.0, 0.0,]
---
[ 0.08438947796821594, -0.050633687525987625, -3.094792366027832, 3.102464199066162, -0.013809187337756157, 0.003068708349019289, 0.09666431695222855, -0.06290852278470993, -0.1963973343372345, 0.1825881451368332, 1.4561021327972412, 0.6705127954483032, -2.4994630813598633, 0.9881240725517273, 0.2056034654378891, -0.1948629766702652, 0.6597722768783569, -0.6720471382141113, 0.0, 0.0,]
---
[ 0.08438947796821594, -0.050633687525987625, -3.094792366027832, 3.102464199066162, -0.013809187337756157, 0.003068708349019289, 0.09666431695222855, -0.06290852278470993, -0.1963973343372345, 0.1825881451368332, 1.4561021327972412, 0.6705127954483032, -2.4994630813598633, 0.9881240725517273, 0.2056034654378891, -0.1948629766702652, 0.6597722768783569, -0.6720471382141113, 0.0, 0.0,]
---
[ 0.08438947796821594, -0.050633687525987625, -3.094792366027832, 3.102464199066162, -0.013809187337756157, 0.003068708349019289, 0.09666431695222855, -0.06290852278470993, -0.1963973343372345, 0.1825881451368332, 1.4561021327972412, 0.6705127954483032, -2.4994630813598633, 0.9881240725517273, 0.2056034654378891, -0.1948629766702652, 0.6597722768783569, -0.6720471382141113, 0.0, 0.0,]
---
[ 0.08438947796821594, -0.050633687525987625, -3.094792366027832, 3.102464199066162, -0.013809187337756157, 0.003068708349019289, 0.09666431695222855, -0.06290852278470993, -0.1963973343372345, 0.1825881451368332, 1.4561021327972412, 0.6705127954483032, -2.4994630813598633, 0.9881240725517273, 0.2056034654378891, -0.1948629766702652, 0.6597722768783569, -0.6720471382141113, 0.0, 0.0,]
---
[ 0.08438947796821594, -0.050633687525987625, -3.094792366027832, 3.102464199066162, -0.013809187337756157, 0.003068708349019289, 0.09666431695222855, -0.06290852278470993, -0.1963973343372345, 0.1825881451368332, 1.4561021327972412, 0.6705127954483032, -2.4994630813598633, 0.9881240725517273, 0.2056034654378891, -0.1948629766702652, 0.6597722768783569, -0.6720471382141113, 0.0, 0.0,]
---
