[ -0.1887255609035492, 0.1871912181377411, -0.04756497964262962, 0.04603062570095062, 1.5696443319320679, -1.571178674697876, 0.06597723066806793, -0.06290852278470993, -0.1963973343372345, 0.1825881451368332, 0.8040015697479248, 0.8116733431816101, -0.6873906850814819, 0.6996654868125916, 0.2056034654378891, -0.1948629766702652, 0.2117408812046051, -0.2209469974040985, 0.0, 0.0,]
---
[ -0.1887255609035492, 0.1871912181377411, -0.04756497964262962, 0.04603062570095062, 1.5696443319320679, -1.571178674697876, 0.06597723066806793, -0.06290852278470993, -0.1963973343372345, 0.1825881451368332, 0.8208795189857483, 0.8254825472831726, -0.7150090336799622, 0.7242151498794556, 0.2056034654378891, -0.1948629766702652, 0.2209469974040985, -0.2316874861717224, 0.0, 0.0,]
---
[ -0.1887255609035492, 0.1871912181377411, -0.04756497964262962, 0.04603062570095062, 1.5696443319320679, -1.571178674697876, 0.06597723066806793, -0.06290852278470993, -0.1963973343372345, 0.1825881451368332, 0.837757408618927, 0.8392917513847351, -0.7426274418830872, 0.7502992153167725, 0.2056034654378891, -0.1948629766702652, 0.2301531285047531, -0.24242796003818512, 0.0, 0.0,]
---
[ -0.1887255609035492, 0.1871912181377411, -0.04756497964262962, 0.04603062570095062, 1.5696443319320679, -1.571178674697876, 0.06597723066806793, -0.06290852278470993, -0.1963973343372345, 0.1825881451368332, 0.837757408618927, 0.8392917513847351, -0.7426274418830872, 0.7502992153167725, 0.2056034654378891, -0.1948629766702652, 0.2301531285047531, -0.24242796003818512, 0.0, 0.0,]
---
[ -0.1887255609035492, 0.1871912181377411, -0.04756497964262962, 0.04603062570095062, 1.5696443319320679, -1.571178674697876, 0.06597723066806793, -0.06290852278470993, -0.1963973343372345, 0.1825881451368332, 0.8715131878852844, 0.8684444427490234, -0.7978641986846924, 0.8009328842163086, 0.2056034654378891, -0.1948629766702652, 0.24856537580490112, -0.26390892267227173, 0.0, 0.0,]
---
[ -0.1887255609035492, 0.1871912181377411, -0.04756497964262962, 0.04603062570095062, 1.5696443319320679, -1.571178674697876, 0.06597723066806793, -0.06290852278470993, -0.1963973343372345, 0.1825881451368332, 0.8883910775184631, 0.8822536468505859, -0.8254825472831726, 0.8254825472831726, 0.2056034654378891, -0.1948629766702652, 0.259305864572525, -0.27464941143989563, 0.0, 0.0,]
---
[ -0.1887255609035492, 0.1871912181377411, -0.04756497964262962, 0.04603062570095062, 1.5696443319320679, -1.571178674697876, 0.06597723066806793, -0.06290852278470993, -0.1963973343372345, 0.1825881451368332, 0.9052689671516418, 0.8975971937179565, -0.8531009554862976, 0.8515665531158447, 0.2056034654378891, -0.1948629766702652, 0.26851198077201843, -0.28538987040519714, 0.0, 0.0,]
---
[ -0.1887255609035492, 0.1871912181377411, -0.04756497964262962, 0.04603062570095062, 1.5696443319320679, -1.571178674697876, 0.06597723066806793, -0.06290852278470993, -0.1963973343372345, 0.1825881451368332, 0.9221468567848206, 0.911406397819519, -0.8807193040847778, 0.8761162161827087, 0.2056034654378891, -0.1948629766702652, 0.27771809697151184, -0.29459601640701294, 0.0, 0.0,]
---
[ -0.1887255609035492, 0.1871912181377411, -0.04756497964262962, 0.04603062570095062, 1.5696443319320679, -1.571178674697876, 0.06597723066806793, -0.06290852278470993, -0.1963973343372345, 0.1825881451368332, 0.9390247464179993, 0.9252156019210815, -0.9083376526832581, 0.9022002816200256, 0.2056034654378891, -0.1948629766702652, 0.28692424297332764, -0.30533647537231445, 0.0, 0.0,]
---
[ -0.1887255609035492, 0.1871912181377411, -0.04756497964262962, 0.04603062570095062, 1.5696443319320679, -1.571178674697876, 0.06597723066806793, -0.06290852278470993, -0.1963973343372345, 0.1825881451368332, 0.955902636051178, 0.9405590891838074, -0.9359560608863831, 0.9267499446868896, 0.2056034654378891, -0.1948629766702652, 0.29613035917282104, -0.31607696413993835, 0.0, 0.0,]
---
[ -0.1887255609035492, 0.1871912181377411, -0.04756497964262962, 0.04603062570095062, 1.5696443319320679, -1.571178674697876, 0.06597723066806793, -0.06290852278470993, -0.1963973343372345, 0.1825881451368332, 0.9727805852890015, 0.9543682932853699, -0.9635744094848633, 0.9528339505195618, 0.2056034654378891, -0.1948629766702652, 0.30687084794044495, -0.32681745290756226, 0.0, 0.0,]
---
[ -0.1887255609035492, 0.1871912181377411, -0.04756497964262962, 0.04603062570095062, 1.5696443319320679, -1.571178674697876, 0.06597723066806793, -0.06290852278470993, -0.1963973343372345, 0.1825881451368332, 0.9896584749221802, 0.9681774973869324, -0.9911928176879883, 0.9773836135864258, 0.2056034654378891, -0.1948629766702652, 0.31607696413993835, -0.33755791187286377, 0.0, 0.0,]
---
[ -0.1887255609035492, 0.1871912181377411, -0.04756497964262962, 0.04603062570095062, 1.5696443319320679, -1.571178674697876, 0.06597723066806793, -0.06290852278470993, -0.1963973343372345, 0.1825881451368332, 1.0065363645553589, 0.983521044254303, -1.0188112258911133, 1.0019333362579346, 0.2056034654378891, -0.1948629766702652, 0.32528308033943176, -0.34829840064048767, 0.0, 0.0,]
---
[ -0.1887255609035492, 0.1871912181377411, -0.04756497964262962, 0.04603062570095062, 1.5696443319320679, -1.571178674697876, 0.06597723066806793, -0.06290852278470993, -0.1963973343372345, 0.1825881451368332, 1.0234142541885376, 0.9973302483558655, -1.0464295148849487, 1.028017282485962, 0.2056034654378891, -0.1948629766702652, 0.33448922634124756, -0.3590388894081116, 0.0, 0.0,]
---
[ -0.1887255609035492, 0.1871912181377411, -0.04756497964262962, 0.04603062570095062, 1.5696443319320679, -1.571178674697876, 0.06597723066806793, -0.06290852278470993, -0.1963973343372345, 0.1825881451368332, 1.0402921438217163, 1.0111393928527832, -1.0740479230880737, 1.0525670051574707, 0.2056034654378891, -0.1948629766702652, 0.34369534254074097, -0.368245005607605, 0.0, 0.0,]
---
[ -0.1887255609035492, 0.1871912181377411, -0.04756497964262962, 0.04603062570095062, 1.5696443319320679, -1.571178674697876, 0.06597723066806793, -0.06290852278470993, -0.1963973343372345, 0.1825881451368332, 1.057170033454895, 1.0264829397201538, -1.1016663312911987, 1.078650951385498, 0.2056034654378891, -0.1948629766702652, 0.3529014587402344, -0.3789854943752289, 0.0, 0.0,]
---
[ -0.1887255609035492, 0.1871912181377411, -0.04756497964262962, 0.04603062570095062, 1.5696443319320679, -1.571178674697876, 0.06597723066806793, -0.06290852278470993, -0.1963973343372345, 0.1825881451368332, 1.0740479230880737, 1.0402921438217163, -1.1292847394943237, 1.1032006740570068, 0.2056034654378891, -0.1948629766702652, 0.3636419475078583, -0.3897259533405304, 0.0, 0.0,]
---
[ -0.1887255609035492, 0.1871912181377411, -0.04756497964262962, 0.04603062570095062, 1.5696443319320679, -1.571178674697876, 0.06597723066806793, -0.06290852278470993, -0.1963973343372345, 0.1825881451368332, 1.0909258127212524, 1.0541013479232788, -1.1569030284881592, 1.1292847394943237, 0.2056034654378891, -0.1948629766702652, 0.3728480637073517, -0.4004664421081543, 0.0, 0.0,]
---
[ -0.1887255609035492, 0.1871912181377411, -0.04756497964262962, 0.04603062570095062, 1.5696443319320679, -1.571178674697876, 0.06597723066806793, -0.06290852278470993, -0.1963973343372345, 0.1825881451368332, 1.1078037023544312, 1.0694448947906494, -1.1845214366912842, 1.153834342956543, 0.2056034654378891, -0.1948629766702652, 0.3820541799068451, -0.4112069308757782, 0.0, 0.0,]
---
[ -0.1887255609035492, 0.1871912181377411, -0.04756497964262962, 0.04603062570095062, 1.5696443319320679, -1.571178674697876, 0.06597723066806793, -0.06290852278470993, -0.1963973343372345, 0.1825881451368332, 1.1246815919876099, 1.083254098892212, -1.2121398448944092, 1.1799184083938599, 0.2056034654378891, -0.1948629766702652, 0.3912603259086609, -0.4219473898410797, 0.0, 0.0,]
---
[ -0.1887255609035492, 0.1871912181377411, -0.04756497964262962, 0.04603062570095062, 1.5696443319320679, -1.571178674697876, 0.06597723066806793, -0.06290852278470993, -0.1963973343372345, 0.1825881451368332, 1.1415594816207886, 1.0970633029937744, -1.2397581338882446, 1.204468011856079, 0.2056034654378891, -0.1948629766702652, 0.4004664421081543, -0.4326878786087036, 0.0, 0.0,]
---
[ -0.1887255609035492, 0.1871912181377411, -0.04756497964262962, 0.04603062570095062, 1.5696443319320679, -1.571178674697876, 0.06597723066806793, -0.06290852278470993, -0.1963973343372345, 0.1825881451368332, 1.1584373712539673, 1.1124067306518555, -1.2673765420913696, 1.230552077293396, 0.2056034654378891, -0.1948629766702652, 0.4112069308757782, -0.441893994808197, 0.0, 0.0,]
---
[ -0.1887255609035492, 0.1871912181377411, -0.04756497964262962, 0.04603062570095062, 1.5696443319320679, -1.571178674697876, 0.06597723066806793, -0.06290852278470993, -0.1963973343372345, 0.1825881451368332, 1.1722465753555298, 1.1292847394943237, -1.2965292930603027, 1.259704828262329, 0.2056034654378891, -0.1948629766702652, 0.4234817624092102, -0.45416882634162903, 0.0, 0.0,]
---
[ -0.1887255609035492, 0.1871912181377411, -0.04756497964262962, 0.04603062570095062, 1.5696443319320679, -1.571178674697876, 0.06597723066806793, -0.06290852278470993, -0.1963973343372345, 0.1825881451368332, 1.1875901222229004, 1.1476969718933105, -1.3256820440292358, 1.2903919219970703, 0.2056034654378891, -0.1948629766702652, 0.4357565939426422, -0.46490931510925293, 0.0, 0.0,]
---
[ -0.1887255609035492, 0.1871912181377411, -0.04756497964262962, 0.04603062570095062, 1.5696443319320679, -1.571178674697876, 0.06597723066806793, -0.06290852278470993, -0.1963973343372345, 0.1825881451368332, 1.202933669090271, 1.1645748615264893, -1.354834794998169, 1.3210790157318115, 0.2056034654378891, -0.1948629766702652, 0.4480314254760742, -0.47718414664268494, 0.0, 0.0,]
---
[ -0.1887255609035492, 0.1871912181377411, -0.04756497964262962, 0.04603062570095062, 1.5696443319320679, -1.571178674697876, 0.06597723066806793, -0.06290852278470993, -0.1963973343372345, 0.1825881451368332, 1.2167428731918335, 1.182987093925476, -1.3839874267578125, 1.3517659902572632, 0.2056034654378891, -0.1948629766702652, 0.4603062570095062, -0.48792463541030884, 0.0, 0.0,]
---
[ -0.1887255609035492, 0.1871912181377411, -0.04756497964262962, 0.04603062570095062, 1.5696443319320679, -1.571178674697876, 0.06597723066806793, -0.06290852278470993, -0.1963973343372345, 0.1825881451368332, 1.232086420059204, 1.1998649835586548, -1.4131401777267456, 1.3824530839920044, 0.2056034654378891, -0.1948629766702652, 0.47258108854293823, -0.5001994371414185, 0.0, 0.0,]
---
[ -0.1887255609035492, 0.1871912181377411, -0.04756497964262962, 0.04603062570095062, 1.5696443319320679, -1.571178674697876, 0.06597723066806793, -0.06290852278470993, -0.1963973343372345, 0.1825881451368332, 1.2474299669265747, 1.2182772159576416, -1.4422929286956787, 1.4131401777267456, 0.2056034654378891, -0.1948629766702652, 0.48485592007637024, -0.5109399557113647, 0.0, 0.0,]
---
[ -0.1887255609035492, 0.1871912181377411, -0.04756497964262962, 0.04603062570095062, 1.5696443319320679, -1.571178674697876, 0.06597723066806793, -0.06290852278470993, -0.1963973343372345, 0.1825881451368332, 1.2627735137939453, 1.2351551055908203, -1.4714456796646118, 1.4438272714614868, 0.2056034654378891, -0.1948629766702652, 0.49713075160980225, -0.5232147574424744, 0.0, 0.0,]
---
[ -0.1887255609035492, 0.1871912181377411, -0.04756497964262962, 0.04603062570095062, 1.5696443319320679, -1.571178674697876, 0.06597723066806793, -0.06290852278470993, -0.1963973343372345, 0.1825881451368332, 1.2765827178955078, 1.2535673379898071, -1.500598430633545, 1.474514365196228, 0.2056034654378891, -0.1948629766702652, 0.5109399557113647, -0.5339552760124207, 0.0, 0.0,]
---
[ -0.1887255609035492, 0.1871912181377411, -0.04756497964262962, 0.04603062570095062, 1.5696443319320679, -1.571178674697876, 0.06597723066806793, -0.06290852278470993, -0.1963973343372345, 0.1825881451368332, 1.2919262647628784, 1.2704452276229858, -1.529751181602478, 1.5052014589309692, 0.2056034654378891, -0.1948629766702652, 0.5232147574424744, -0.5462300777435303, 0.0, 0.0,]
---
[ -0.1887255609035492, 0.1871912181377411, -0.04756497964262962, 0.04603062570095062, 1.5696443319320679, -1.571178674697876, 0.06597723066806793, -0.06290852278470993, -0.1963973343372345, 0.1825881451368332, 1.307269811630249, 1.2888575792312622, -1.5589038133621216, 1.5358885526657104, 0.2056034654378891, -0.1948629766702652, 0.5354896187782288, -0.5569705963134766, 0.0, 0.0,]
---
[ -0.1887255609035492, 0.1871912181377411, -0.04756497964262962, 0.04603062570095062, 1.5696443319320679, -1.571178674697876, 0.06597723066806793, -0.06290852278470993, -0.1963973343372345, 0.1825881451368332, 1.3226133584976196, 1.307269811630249, -1.5880565643310547, 1.5665756464004517, 0.2056034654378891, -0.1948629766702652, 0.5477644205093384, -0.5692453980445862, 0.0, 0.0,]
---
[ -0.1887255609035492, 0.1871912181377411, -0.04756497964262962, 0.04603062570095062, 1.5696443319320679, -1.571178674697876, 0.06597723066806793, -0.06290852278470993, -0.1963973343372345, 0.1825881451368332, 1.3364224433898926, 1.3241477012634277, -1.6172093152999878, 1.5957283973693848, 0.2056034654378891, -0.1948629766702652, 0.5600392818450928, -0.5799858570098877, 0.0, 0.0,]
---
[ -0.1887255609035492, 0.1871912181377411, -0.04756497964262962, 0.04603062570095062, 1.5696443319320679, -1.571178674697876, 0.06597723066806793, -0.06290852278470993, -0.1963973343372345, 0.1825881451368332, 1.3517659902572632, 1.3425599336624146, -1.646362066268921, 1.626415491104126, 0.2056034654378891, -0.1948629766702652, 0.5723140835762024, -0.5922607183456421, 0.0, 0.0,]
---
[ -0.1887255609035492, 0.1871912181377411, -0.04756497964262962, 0.04603062570095062, 1.5696443319320679, -1.571178674697876, 0.06597723066806793, -0.06290852278470993, -0.1963973343372345, 0.1825881451368332, 1.3671095371246338, 1.3594378232955933, -1.675514817237854, 1.6571025848388672, 0.2056034654378891, -0.1948629766702652, 0.5845889449119568, -0.6030011773109436, 0.0, 0.0,]
---
[ -0.1887255609035492, 0.1871912181377411, -0.04756497964262962, 0.04603062570095062, 1.5696443319320679, -1.571178674697876, 0.06597723066806793, -0.06290852278470993, -0.1963973343372345, 0.1825881451368332, 1.3809187412261963, 1.37785005569458, -1.7046674489974976, 1.6877895593643188, 0.2056034654378891, -0.1948629766702652, 0.5983981490135193, -0.615276038646698, 0.0, 0.0,]
---
[ -0.1887255609035492, 0.1871912181377411, -0.04756497964262962, 0.04603062570095062, 1.5696443319320679, -1.571178674697876, 0.06597723066806793, -0.06290852278470993, -0.1963973343372345, 0.1825881451368332, 1.396262288093567, 1.3947279453277588, -1.7338201999664307, 1.71847665309906, 0.2056034654378891, -0.1948629766702652, 0.6106729507446289, -0.6260164976119995, 0.0, 0.0,]
---
[ -0.1887255609035492, 0.1871912181377411, -0.04756497964262962, 0.04603062570095062, 1.5696443319320679, -1.571178674697876, 0.06597723066806793, -0.06290852278470993, -0.1963973343372345, 0.1825881451368332, 1.4116058349609375, 1.4131401777267456, -1.7629729509353638, 1.7491637468338013, 0.2056034654378891, -0.1948629766702652, 0.6229478120803833, -0.6382913589477539, 0.0, 0.0,]
---
[ -0.1887255609035492, 0.1871912181377411, -0.04756497964262962, 0.04603062570095062, 1.5696443319320679, -1.571178674697876, 0.06597723066806793, -0.06290852278470993, -0.1963973343372345, 0.1825881451368332, 1.426949381828308, 1.4300180673599243, -1.7921257019042969, 1.7798508405685425, 0.2056034654378891, -0.1948629766702652, 0.6352226138114929, -0.6490318179130554, 0.0, 0.0,]
---
[ -0.1887255609035492, 0.1871912181377411, -0.04756497964262962, 0.04603062570095062, 1.5696443319320679, -1.571178674697876, 0.06597723066806793, -0.06290852278470993, -0.1963973343372345, 0.1825881451368332, 1.4407585859298706, 1.4484302997589111, -1.82127845287323, 1.8105379343032837, 0.2056034654378891, -0.1948629766702652, 0.6474974751472473, -0.6613066792488098, 0.0, 0.0,]
---
[ -0.1887255609035492, 0.1871912181377411, -0.04756497964262962, 0.04603062570095062, 1.5696443319320679, -1.571178674697876, 0.06597723066806793, -0.06290852278470993, -0.1963973343372345, 0.1825881451368332, 1.4561021327972412, 1.4653083086013794, -1.850431203842163, 1.841225028038025, 0.2056034654378891, -0.1948629766702652, 0.6597722768783569, -0.6720471382141113, 0.0, 0.0,]
---
[ -0.1887255609035492, 0.1871912181377411, -0.04756497964262962, 0.04603062570095062, 1.5696443319320679, -1.571178674697876, 0.06597723066806793, -0.06290852278470993, -0.1963973343372345, 0.1825881451368332, 1.4714456796646118, 1.4837205410003662, -1.8795838356018066, 1.8719121217727661, 0.2056034654378891, -0.1948629766702652, 0.6720471382141113, -0.684321939945221, 0.0, 0.0,]
---
