[ -0.1887255609035492, 0.16110719740390778, -0.04756497964262962, 0.04603062570095062, 1.5696443319320679, -1.571178674697876, 0.06597723066806793, -0.06290852278470993, -0.1963973343372345, 0.1825881451368332, 0.7871236801147461, 0.7671771049499512, -0.6597722768783569, 0.6751158237457275, 0.2056034654378891, -0.1948629766702652, 0.2025347501039505, -0.2102065235376358, 0.0, 0.0,]
---
[ -0.1887255609035492, 0.13502316176891327, -0.04756497964262962, 0.04603062570095062, 1.5696443319320679, -1.571178674697876, 0.06597723066806793, -0.06290852278470993, -0.1963973343372345, 0.1825881451368332, 0.7871236801147461, 0.73649001121521, -0.6597722768783569, 0.6751158237457275, 0.2056034654378891, -0.1948629766702652, 0.2025347501039505, -0.2102065235376358, 0.0, 0.0,]
---
[ -0.1887255609035492, 0.10893914848566055, -0.04756497964262962, 0.04603062570095062, 1.5696443319320679, -1.571178674697876, 0.06597723066806793, -0.06290852278470993, -0.1963973343372345, 0.1825881451368332, 0.7871236801147461, 0.7058029174804688, -0.6597722768783569, 0.6751158237457275, 0.2056034654378891, -0.1948629766702652, 0.2025347501039505, -0.2102065235376358, 0.0, 0.0,]
---
[ -0.1887255609035492, 0.08285512775182724, -0.04756497964262962, 0.04603062570095062, 1.5696443319320679, -1.571178674697876, 0.06597723066806793, -0.06290852278470993, -0.1963973343372345, 0.1825881451368332, 0.7871236801147461, 0.6751158237457275, -0.6597722768783569, 0.6751158237457275, 0.2056034654378891, -0.1948629766702652, 0.2025347501039505, -0.2102065235376358, 0.0, 0.0,]
---
[ -0.1887255609035492, 0.05830546095967293, -0.04756497964262962, 0.04603062570095062, 1.5696443319320679, -1.571178674697876, 0.06597723066806793, -0.06290852278470993, -0.1963973343372345, 0.1825881451368332, 0.7871236801147461, 0.6444287896156311, -0.6597722768783569, 0.6751158237457275, 0.2056034654378891, -0.1948629766702652, 0.2025347501039505, -0.2102065235376358, 0.0, 0.0,]
---
[ -0.1887255609035492, 0.032221436500549316, -0.04756497964262962, 0.04603062570095062, 1.5696443319320679, -1.571178674697876, 0.06597723066806793, -0.06290852278470993, -0.1963973343372345, 0.1825881451368332, 0.7871236801147461, 0.6137416958808899, -0.6597722768783569, 0.6751158237457275, 0.2056034654378891, -0.1948629766702652, 0.2025347501039505, -0.2102065235376358, 0.0, 0.0,]
---
[ -0.1887255609035492, 0.006137416698038578, -0.04756497964262962, 0.04603062570095062, 1.5696443319320679, -1.571178674697876, 0.06597723066806793, -0.06290852278470993, -0.1963973343372345, 0.1825881451368332, 0.7871236801147461, 0.5830546021461487, -0.6597722768783569, 0.6751158237457275, 0.2056034654378891, -0.1948629766702652, 0.2025347501039505, -0.2102065235376358, 0.0, 0.0,]
---
[ -0.1887255609035492, -0.01994660496711731, -0.04756497964262962, 0.04603062570095062, 1.5696443319320679, -1.571178674697876, 0.06597723066806793, -0.06290852278470993, -0.1963973343372345, 0.1825881451368332, 0.7871236801147461, 0.5523675084114075, -0.6597722768783569, 0.6751158237457275, 0.2056034654378891, -0.1948629766702652, 0.2025347501039505, -0.2102065235376358, 0.0, 0.0,]
---
[ -0.1887255609035492, -0.04449627175927162, -0.04756497964262962, 0.04603062570095062, 1.5696443319320679, -1.571178674697876, 0.06597723066806793, -0.06290852278470993, -0.1963973343372345, 0.1825881451368332, 0.7871236801147461, 0.5216804146766663, -0.6597722768783569, 0.6751158237457275, 0.2056034654378891, -0.1948629766702652, 0.2025347501039505, -0.2102065235376358, 0.0, 0.0,]
---
[ -0.1887255609035492, -0.07058029621839523, -0.04756497964262962, 0.04603062570095062, 1.5696443319320679, -1.571178674697876, 0.06597723066806793, -0.06290852278470993, -0.1963973343372345, 0.1825881451368332, 0.7871236801147461, 0.49099335074424744, -0.6597722768783569, 0.6751158237457275, 0.2056034654378891, -0.1948629766702652, 0.2025347501039505, -0.2102065235376358, 0.0, 0.0,]
---
[ -0.1887255609035492, -0.09666431695222855, -0.04756497964262962, 0.04603062570095062, 1.5696443319320679, -1.571178674697876, 0.06597723066806793, -0.06290852278470993, -0.1963973343372345, 0.1825881451368332, 0.7871236801147461, 0.4603062570095062, -0.6597722768783569, 0.6751158237457275, 0.2056034654378891, -0.1948629766702652, 0.2025347501039505, -0.2102065235376358, 0.0, 0.0,]
---
[ -0.1887255609035492, -0.12274833768606186, -0.04756497964262962, 0.04603062570095062, 1.5696443319320679, -1.571178674697876, 0.06597723066806793, -0.06290852278470993, -0.1963973343372345, 0.1825881451368332, 0.7871236801147461, 0.429619163274765, -0.6597722768783569, 0.6751158237457275, 0.2056034654378891, -0.1948629766702652, 0.2025347501039505, -0.2102065235376358, 0.0, 0.0,]
---
[ -0.1887255609035492, -0.14883235096931458, -0.04756497964262962, 0.04603062570095062, 1.5696443319320679, -1.571178674697876, 0.06597723066806793, -0.06290852278470993, -0.1963973343372345, 0.1825881451368332, 0.7871236801147461, 0.3989320993423462, -0.6597722768783569, 0.6751158237457275, 0.2056034654378891, -0.1948629766702652, 0.2025347501039505, -0.2102065235376358, 0.0, 0.0,]
---
[ -0.1887255609035492, -0.17338202893733978, -0.04756497964262962, 0.04603062570095062, 1.5696443319320679, -1.571178674697876, 0.06597723066806793, -0.06290852278470993, -0.1963973343372345, 0.1825881451368332, 0.7871236801147461, 0.368245005607605, -0.6597722768783569, 0.6751158237457275, 0.2056034654378891, -0.1948629766702652, 0.2025347501039505, -0.2102065235376358, 0.0, 0.0,]
---
[ -0.1887255609035492, -0.1994660496711731, -0.04756497964262962, 0.04603062570095062, 1.5696443319320679, -1.571178674697876, 0.06597723066806793, -0.06290852278470993, -0.1963973343372345, 0.1825881451368332, 0.7871236801147461, 0.33755791187286377, -0.6597722768783569, 0.6751158237457275, 0.2056034654378891, -0.1948629766702652, 0.2025347501039505, -0.2102065235376358, 0.0, 0.0,]
---
[ -0.1887255609035492, -0.2255500704050064, -0.04756497964262962, 0.04603062570095062, 1.5696443319320679, -1.571178674697876, 0.06597723066806793, -0.06290852278470993, -0.1963973343372345, 0.1825881451368332, 0.7871236801147461, 0.30687084794044495, -0.6597722768783569, 0.6751158237457275, 0.2056034654378891, -0.1948629766702652, 0.2025347501039505, -0.2102065235376358, 0.0, 0.0,]
---
[ -0.1887255609035492, -0.2516340911388397, -0.04756497964262962, 0.04603062570095062, 1.5696443319320679, -1.571178674697876, 0.06597723066806793, -0.06290852278470993, -0.1963973343372345, 0.1825881451368332, 0.7871236801147461, 0.27618375420570374, -0.6597722768783569, 0.6751158237457275, 0.2056034654378891, -0.1948629766702652, 0.2025347501039505, -0.2102065235376358, 0.0, 0.0,]
---
[ -0.1887255609035492, -0.27618375420570374, -0.04756497964262962, 0.04603062570095062, 1.5696443319320679, -1.571178674697876, 0.06597723066806793, -0.06290852278470993, -0.1963973343372345, 0.1825881451368332, 0.7871236801147461, 0.24549667537212372, -0.6597722768783569, 0.6751158237457275, 0.2056034654378891, -0.1948629766702652, 0.2025347501039505, -0.2102065235376358, 0.0, 0.0,]
---
[ -0.1887255609035492, -0.30226778984069824, -0.04756497964262962, 0.04603062570095062, 1.5696443319320679, -1.571178674697876, 0.06597723066806793, -0.06290852278470993, -0.1963973343372345, 0.1825881451368332, 0.7871236801147461, 0.2148095816373825, -0.6597722768783569, 0.6751158237457275, 0.2056034654378891, -0.1948629766702652, 0.2025347501039505, -0.2102065235376358, 0.0, 0.0,]
---
[ -0.1887255609035492, -0.32835179567337036, -0.04756497964262962, 0.04603062570095062, 1.5696443319320679, -1.571178674697876, 0.06597723066806793, -0.06290852278470993, -0.1963973343372345, 0.1825881451368332, 0.7871236801147461, 0.1841225028038025, -0.6597722768783569, 0.6751158237457275, 0.2056034654378891, -0.1948629766702652, 0.2025347501039505, -0.2102065235376358, 0.0, 0.0,]
---
[ -0.1887255609035492, -0.35443583130836487, -0.04756497964262962, 0.04603062570095062, 1.5696443319320679, -1.571178674697876, 0.06597723066806793, -0.06290852278470993, -0.1963973343372345, 0.1825881451368332, 0.7871236801147461, 0.15343542397022247, -0.6597722768783569, 0.6751158237457275, 0.2056034654378891, -0.1948629766702652, 0.2025347501039505, -0.2102065235376358, 0.0, 0.0,]
---
[ -0.1887255609035492, -0.3789854943752289, -0.04756497964262962, 0.04603062570095062, 1.5696443319320679, -1.571178674697876, 0.06597723066806793, -0.06290852278470993, -0.1963973343372345, 0.1825881451368332, 0.7871236801147461, 0.12274833768606186, -0.6597722768783569, 0.6751158237457275, 0.2056034654378891, -0.1948629766702652, 0.2025347501039505, -0.2102065235376358, 0.0, 0.0,]
---
[ -0.1887255609035492, -0.3774511218070984, -0.04756497964262962, 0.04603062570095062, 1.5358885526657104, -1.571178674697876, 0.06597723066806793, -0.06290852278470993, -0.1963973343372345, 0.1825881451368332, 0.7871236801147461, 0.10587044060230255, -0.6597722768783569, 0.6751158237457275, 0.2056034654378891, -0.1948629766702652, 0.2025347501039505, -0.2102065235376358, 0.0, 0.0,]
---
[ -0.1887255609035492, -0.3743824362754822, -0.04756497964262962, 0.04603062570095062, 1.502132773399353, -1.571178674697876, 0.06597723066806793, -0.06290852278470993, -0.1963973343372345, 0.1825881451368332, 0.7871236801147461, 0.08899254351854324, -0.6597722768783569, 0.6751158237457275, 0.2056034654378891, -0.1948629766702652, 0.2025347501039505, -0.2102065235376358, 0.0, 0.0,]
---
[ -0.1887255609035492, -0.3728480637073517, -0.04756497964262962, 0.04603062570095062, 1.4699113368988037, -1.571178674697876, 0.06597723066806793, -0.06290852278470993, -0.1963973343372345, 0.1825881451368332, 0.7871236801147461, 0.07211464643478394, -0.6597722768783569, 0.6751158237457275, 0.2056034654378891, -0.1948629766702652, 0.2025347501039505, -0.2102065235376358, 0.0, 0.0,]
---
[ -0.1887255609035492, -0.3697793483734131, -0.04756497964262962, 0.04603062570095062, 1.4361555576324463, -1.571178674697876, 0.06597723066806793, -0.06290852278470993, -0.1963973343372345, 0.1825881451368332, 0.7871236801147461, 0.05677110329270363, -0.6597722768783569, 0.6751158237457275, 0.2056034654378891, -0.1948629766702652, 0.2025347501039505, -0.2102065235376358, 0.0, 0.0,]
---
[ -0.1887255609035492, -0.368245005607605, -0.04756497964262962, 0.04603062570095062, 1.403934121131897, -1.571178674697876, 0.06597723066806793, -0.06290852278470993, -0.1963973343372345, 0.1825881451368332, 0.7871236801147461, 0.03989320993423462, -0.6597722768783569, 0.6751158237457275, 0.2056034654378891, -0.1948629766702652, 0.2025347501039505, -0.2102065235376358, 0.0, 0.0,]
---
[ -0.1887255609035492, -0.3651762902736664, -0.04756497964262962, 0.04603062570095062, 1.3701783418655396, -1.571178674697876, 0.06597723066806793, -0.06290852278470993, -0.1963973343372345, 0.1825881451368332, 0.7871236801147461, 0.02301531285047531, -0.6597722768783569, 0.6751158237457275, 0.2056034654378891, -0.1948629766702652, 0.2025347501039505, -0.2102065235376358, 0.0, 0.0,]
---
[ -0.1887255609035492, -0.3636419475078583, -0.04756497964262962, 0.04603062570095062, 1.3364224433898926, -1.571178674697876, 0.06597723066806793, -0.06290852278470993, -0.1963973343372345, 0.1825881451368332, 0.7871236801147461, 0.006137416698038578, -0.6597722768783569, 0.6751158237457275, 0.2056034654378891, -0.1948629766702652, 0.2025347501039505, -0.2102065235376358, 0.0, 0.0,]
---
[ -0.1887255609035492, -0.3605732321739197, -0.04756497964262962, 0.04603062570095062, 1.3042010068893433, -1.571178674697876, 0.06597723066806793, -0.06290852278470993, -0.1963973343372345, 0.1825881451368332, 0.7871236801147461, -0.009206125512719154, -0.6597722768783569, 0.6751158237457275, 0.2056034654378891, -0.1948629766702652, 0.2025347501039505, -0.2102065235376358, 0.0, 0.0,]
---
[ -0.1887255609035492, -0.3590388894081116, -0.04756497964262962, 0.04603062570095062, 1.2704452276229858, -1.571178674697876, 0.06597723066806793, -0.06290852278470993, -0.1963973343372345, 0.1825881451368332, 0.7871236801147461, -0.026084020733833313, -0.6597722768783569, 0.6751158237457275, 0.2056034654378891, -0.1948629766702652, 0.2025347501039505, -0.2102065235376358, 0.0, 0.0,]
---
[ -0.1887255609035492, -0.355970174074173, -0.04756497964262962, 0.04603062570095062, 1.2382237911224365, -1.571178674697876, 0.06597723066806793, -0.06290852278470993, -0.1963973343372345, 0.1825881451368332, 0.7871236801147461, -0.04296191781759262, -0.6597722768783569, 0.6751158237457275, 0.2056034654378891, -0.1948629766702652, 0.2025347501039505, -0.2102065235376358, 0.0, 0.0,]
---
[ -0.1887255609035492, -0.35443583130836487, -0.04756497964262962, 0.04603062570095062, 1.204468011856079, -1.571178674697876, 0.06597723066806793, -0.06290852278470993, -0.1963973343372345, 0.1825881451368332, 0.7871236801147461, -0.05830546095967293, -0.6597722768783569, 0.6751158237457275, 0.2056034654378891, -0.1948629766702652, 0.2025347501039505, -0.2102065235376358, 0.0, 0.0,]
---
[ -0.1887255609035492, -0.35136711597442627, -0.04756497964262962, 0.04603062570095062, 1.1707122325897217, -1.571178674697876, 0.06597723066806793, -0.06290852278470993, -0.1963973343372345, 0.1825881451368332, 0.7871236801147461, -0.07518335431814194, -0.6597722768783569, 0.6751158237457275, 0.2056034654378891, -0.1948629766702652, 0.2025347501039505, -0.2102065235376358, 0.0, 0.0,]
---
[ -0.1887255609035492, -0.3498327434062958, -0.04756497964262962, 0.04603062570095062, 1.1384907960891724, -1.571178674697876, 0.06597723066806793, -0.06290852278470993, -0.1963973343372345, 0.1825881451368332, 0.7871236801147461, -0.09206125140190125, -0.6597722768783569, 0.6751158237457275, 0.2056034654378891, -0.1948629766702652, 0.2025347501039505, -0.2102065235376358, 0.0, 0.0,]
---
[ -0.1887255609035492, -0.34676405787467957, -0.04756497964262962, 0.04603062570095062, 1.104735016822815, -1.571178674697876, 0.06597723066806793, -0.06290852278470993, -0.1963973343372345, 0.1825881451368332, 0.7871236801147461, -0.10893914848566055, -0.6597722768783569, 0.6751158237457275, 0.2056034654378891, -0.1948629766702652, 0.2025347501039505, -0.2102065235376358, 0.0, 0.0,]
---
[ -0.1887255609035492, -0.3452296853065491, -0.04756497964262962, 0.04603062570095062, 1.0725135803222656, -1.571178674697876, 0.06597723066806793, -0.06290852278470993, -0.1963973343372345, 0.1825881451368332, 0.7871236801147461, -0.12428268790245056, -0.6597722768783569, 0.6751158237457275, 0.2056034654378891, -0.1948629766702652, 0.2025347501039505, -0.2102065235376358, 0.0, 0.0,]
---
[ -0.1887255609035492, -0.3421609699726105, -0.04756497964262962, 0.04603062570095062, 1.0387578010559082, -1.571178674697876, 0.06597723066806793, -0.06290852278470993, -0.1963973343372345, 0.1825881451368332, 0.7871236801147461, -0.14116059243679047, -0.6597722768783569, 0.6751158237457275, 0.2056034654378891, -0.1948629766702652, 0.2025347501039505, -0.2102065235376358, 0.0, 0.0,]
---
[ -0.1887255609035492, -0.33755791187286377, -0.04756497964262962, 0.04603062570095062, 0.9727805852890015, -1.571178674697876, 0.06597723066806793, -0.06290852278470993, -0.1963973343372345, 0.1825881451368332, 0.7871236801147461, -0.1749163717031479, -0.6597722768783569, 0.6751158237457275, 0.2056034654378891, -0.1948629766702652, 0.2025347501039505, -0.2102065235376358, 0.0, 0.0,]
---
[ -0.1887255609035492, -0.33755791187286377, -0.04756497964262962, 0.04603062570095062, 0.9727805852890015, -1.571178674697876, 0.06597723066806793, -0.06290852278470993, -0.1963973343372345, 0.1825881451368332, 0.7871236801147461, -0.1749163717031479, -0.6597722768783569, 0.6751158237457275, 0.2056034654378891, -0.1948629766702652, 0.2025347501039505, -0.2102065235376358, 0.0, 0.0,]
---
[ -0.1887255609035492, -0.33602356910705566, -0.04756497964262962, 0.04603062570095062, 0.9390247464179993, -1.571178674697876, 0.06597723066806793, -0.06290852278470993, -0.1963973343372345, 0.1825881451368332, 0.7871236801147461, -0.1902599185705185, -0.6597722768783569, 0.6751158237457275, 0.2056034654378891, -0.1948629766702652, 0.2025347501039505, -0.2102065235376358, 0.0, 0.0,]
---
[ -0.1887255609035492, -0.33295485377311707, -0.04756497964262962, 0.04603062570095062, 0.90680330991745, -1.571178674697876, 0.06597723066806793, -0.06290852278470993, -0.1963973343372345, 0.1825881451368332, 0.7871236801147461, -0.2071378231048584, -0.6597722768783569, 0.6751158237457275, 0.2056034654378891, -0.1948629766702652, 0.2025347501039505, -0.2102065235376358, 0.0, 0.0,]
---
[ -0.1887255609035492, -0.33142051100730896, -0.04756497964262962, 0.04603062570095062, 0.8730475306510925, -1.571178674697876, 0.06597723066806793, -0.06290852278470993, -0.1963973343372345, 0.1825881451368332, 0.7871236801147461, -0.2240157127380371, -0.6597722768783569, 0.6751158237457275, 0.2056034654378891, -0.1948629766702652, 0.2025347501039505, -0.2102065235376358, 0.0, 0.0,]
---
[ -0.1887255609035492, -0.32835179567337036, -0.04756497964262962, 0.04603062570095062, 0.8408260941505432, -1.571178674697876, 0.06597723066806793, -0.06290852278470993, -0.1963973343372345, 0.1825881451368332, 0.7871236801147461, -0.23935925960540771, -0.6597722768783569, 0.6751158237457275, 0.2056034654378891, -0.1948629766702652, 0.2025347501039505, -0.2102065235376358, 0.0, 0.0,]
---
[ -0.1887255609035492, -0.3697793483734131, -0.04756497964262962, 0.05983981490135193, 0.8408260941505432, -1.571178674697876, 0.06597723066806793, -0.06290852278470993, -0.1963973343372345, 0.1825881451368332, 0.7871236801147461, -0.23935925960540771, -0.6597722768783569, 0.6751158237457275, 0.2056034654378891, -0.1948629766702652, 0.2025347501039505, -0.2102065235376358, 0.0, 0.0,]
---
[ -0.1887255609035492, -0.4096725583076477, -0.04756497964262962, 0.07364900410175323, 0.8408260941505432, -1.571178674697876, 0.06597723066806793, -0.06290852278470993, -0.1963973343372345, 0.1825881451368332, 0.7871236801147461, -0.23935925960540771, -0.6597722768783569, 0.6751158237457275, 0.2056034654378891, -0.1948629766702652, 0.2025347501039505, -0.2102065235376358, 0.0, 0.0,]
---
[ -0.1887255609035492, -0.4495657682418823, -0.04756497964262962, 0.08745818585157394, 0.8408260941505432, -1.571178674697876, 0.06597723066806793, -0.06290852278470993, -0.1963973343372345, 0.1825881451368332, 0.7871236801147461, -0.23935925960540771, -0.6597722768783569, 0.6751158237457275, 0.2056034654378891, -0.1948629766702652, 0.2025347501039505, -0.2102065235376358, 0.0, 0.0,]
---
[ -0.1887255609035492, -0.48945897817611694, -0.04756497964262962, 0.10280173271894455, 0.8408260941505432, -1.571178674697876, 0.06597723066806793, -0.06290852278470993, -0.1963973343372345, 0.1825881451368332, 0.7871236801147461, -0.23935925960540771, -0.6597722768783569, 0.6751158237457275, 0.2056034654378891, -0.1948629766702652, 0.2025347501039505, -0.2102065235376358, 0.0, 0.0,]
---
[ -0.1887255609035492, -0.5308865308761597, -0.04756497964262962, 0.11661092191934586, 0.8408260941505432, -1.571178674697876, 0.06597723066806793, -0.06290852278470993, -0.1963973343372345, 0.1825881451368332, 0.7871236801147461, -0.23935925960540771, -0.6597722768783569, 0.6751158237457275, 0.2056034654378891, -0.1948629766702652, 0.2025347501039505, -0.2102065235376358, 0.0, 0.0,]
---
[ -0.1887255609035492, -0.5707797408103943, -0.04756497964262962, 0.13042010366916656, 0.8408260941505432, -1.571178674697876, 0.06597723066806793, -0.06290852278470993, -0.1963973343372345, 0.1825881451368332, 0.7871236801147461, -0.23935925960540771, -0.6597722768783569, 0.6751158237457275, 0.2056034654378891, -0.1948629766702652, 0.2025347501039505, -0.2102065235376358, 0.0, 0.0,]
---
[ -0.1887255609035492, -0.6106729507446289, -0.04756497964262962, 0.14576365053653717, 0.8408260941505432, -1.571178674697876, 0.06597723066806793, -0.06290852278470993, -0.1963973343372345, 0.1825881451368332, 0.7871236801147461, -0.23935925960540771, -0.6597722768783569, 0.6751158237457275, 0.2056034654378891, -0.1948629766702652, 0.2025347501039505, -0.2102065235376358, 0.0, 0.0,]
---
[ -0.1887255609035492, -0.6505661606788635, -0.04756497964262962, 0.15957283973693848, 0.8408260941505432, -1.571178674697876, 0.06597723066806793, -0.06290852278470993, -0.1963973343372345, 0.1825881451368332, 0.7871236801147461, -0.23935925960540771, -0.6597722768783569, 0.6751158237457275, 0.2056034654378891, -0.1948629766702652, 0.2025347501039505, -0.2102065235376358, 0.0, 0.0,]
---
[ -0.1887255609035492, -0.6919937133789062, -0.04756497964262962, 0.17338202893733978, 0.8408260941505432, -1.571178674697876, 0.06597723066806793, -0.06290852278470993, -0.1963973343372345, 0.1825881451368332, 0.7871236801147461, -0.23935925960540771, -0.6597722768783569, 0.6751158237457275, 0.2056034654378891, -0.1948629766702652, 0.2025347501039505, -0.2102065235376358, 0.0, 0.0,]
---
[ -0.1887255609035492, -0.7318869233131409, -0.04756497964262962, 0.1887255609035492, 0.8408260941505432, -1.571178674697876, 0.06597723066806793, -0.06290852278470993, -0.1963973343372345, 0.1825881451368332, 0.7871236801147461, -0.23935925960540771, -0.6597722768783569, 0.6751158237457275, 0.2056034654378891, -0.1948629766702652, 0.2025347501039505, -0.2102065235376358, 0.0, 0.0,]
---
[ -0.1887255609035492, -0.7717801332473755, -0.04756497964262962, 0.2025347501039505, 0.8408260941505432, -1.571178674697876, 0.06597723066806793, -0.06290852278470993, -0.1963973343372345, 0.1825881451368332, 0.7871236801147461, -0.23935925960540771, -0.6597722768783569, 0.6751158237457275, 0.2056034654378891, -0.1948629766702652, 0.2025347501039505, -0.2102065235376358, 0.0, 0.0,]
---
[ -0.1887255609035492, -0.8116733431816101, -0.04756497964262962, 0.2163439393043518, 0.8408260941505432, -1.571178674697876, 0.06597723066806793, -0.06290852278470993, -0.1963973343372345, 0.1825881451368332, 0.7871236801147461, -0.23935925960540771, -0.6597722768783569, 0.6751158237457275, 0.2056034654378891, -0.1948629766702652, 0.2025347501039505, -0.2102065235376358, 0.0, 0.0,]
---
[ -0.1887255609035492, -0.8515665531158447, -0.04756497964262962, 0.2316874861717224, 0.8408260941505432, -1.571178674697876, 0.06597723066806793, -0.06290852278470993, -0.1963973343372345, 0.1825881451368332, 0.7871236801147461, -0.23935925960540771, -0.6597722768783569, 0.6751158237457275, 0.2056034654378891, -0.1948629766702652, 0.2025347501039505, -0.2102065235376358, 0.0, 0.0,]
---
[ -0.1887255609035492, -0.8929941654205322, -0.04756497964262962, 0.24549667537212372, 0.8408260941505432, -1.571178674697876, 0.06597723066806793, -0.06290852278470993, -0.1963973343372345, 0.1825881451368332, 0.7871236801147461, -0.23935925960540771, -0.6597722768783569, 0.6751158237457275, 0.2056034654378891, -0.1948629766702652, 0.2025347501039505, -0.2102065235376358, 0.0, 0.0,]
---
[ -0.1887255609035492, -0.9328873753547668, -0.04756497964262962, 0.259305864572525, 0.8408260941505432, -1.571178674697876, 0.06597723066806793, -0.06290852278470993, -0.1963973343372345, 0.1825881451368332, 0.7871236801147461, -0.23935925960540771, -0.6597722768783569, 0.6751158237457275, 0.2056034654378891, -0.1948629766702652, 0.2025347501039505, -0.2102065235376358, 0.0, 0.0,]
---
[ -0.1887255609035492, -0.9727805852890015, -0.04756497964262962, 0.27464941143989563, 0.8408260941505432, -1.571178674697876, 0.06597723066806793, -0.06290852278470993, -0.1963973343372345, 0.1825881451368332, 0.7871236801147461, -0.23935925960540771, -0.6597722768783569, 0.6751158237457275, 0.2056034654378891, -0.1948629766702652, 0.2025347501039505, -0.2102065235376358, 0.0, 0.0,]
---
[ -0.1887255609035492, -1.0126737356185913, -0.04756497964262962, 0.28845858573913574, 0.8408260941505432, -1.571178674697876, 0.06597723066806793, -0.06290852278470993, -0.1963973343372345, 0.1825881451368332, 0.7871236801147461, -0.23935925960540771, -0.6597722768783569, 0.6751158237457275, 0.2056034654378891, -0.1948629766702652, 0.2025347501039505, -0.2102065235376358, 0.0, 0.0,]
---
[ -0.1887255609035492, -1.0541013479232788, -0.04756497964262962, 0.30226778984069824, 0.8408260941505432, -1.571178674697876, 0.06597723066806793, -0.06290852278470993, -0.1963973343372345, 0.1825881451368332, 0.7871236801147461, -0.23935925960540771, -0.6597722768783569, 0.6751158237457275, 0.2056034654378891, -0.1948629766702652, 0.2025347501039505, -0.2102065235376358, 0.0, 0.0,]
---
[ -0.1887255609035492, -1.0939944982528687, -0.04756497964262962, 0.31761130690574646, 0.8408260941505432, -1.571178674697876, 0.06597723066806793, -0.06290852278470993, -0.1963973343372345, 0.1825881451368332, 0.7871236801147461, -0.23935925960540771, -0.6597722768783569, 0.6751158237457275, 0.2056034654378891, -0.1948629766702652, 0.2025347501039505, -0.2102065235376358, 0.0, 0.0,]
---
[ -0.1887255609035492, -1.133887767791748, -0.04756497964262962, 0.33142051100730896, 0.8408260941505432, -1.571178674697876, 0.06597723066806793, -0.06290852278470993, -0.1963973343372345, 0.1825881451368332, 0.7871236801147461, -0.23935925960540771, -0.6597722768783569, 0.6751158237457275, 0.2056034654378891, -0.1948629766702652, 0.2025347501039505, -0.2102065235376358, 0.0, 0.0,]
---
[ -0.1887255609035492, -1.173780918121338, -0.04756497964262962, 0.3452296853065491, 0.8408260941505432, -1.571178674697876, 0.06597723066806793, -0.06290852278470993, -0.1963973343372345, 0.1825881451368332, 0.7871236801147461, -0.23935925960540771, -0.6597722768783569, 0.6751158237457275, 0.2056034654378891, -0.1948629766702652, 0.2025347501039505, -0.2102065235376358, 0.0, 0.0,]
---
[ -0.1887255609035492, -1.2136741876602173, -0.04756497964262962, 0.3605732321739197, 0.8408260941505432, -1.571178674697876, 0.06597723066806793, -0.06290852278470993, -0.1963973343372345, 0.1825881451368332, 0.7871236801147461, -0.23935925960540771, -0.6597722768783569, 0.6751158237457275, 0.2056034654378891, -0.1948629766702652, 0.2025347501039505, -0.2102065235376358, 0.0, 0.0,]
---
[ -0.1810537874698639, -1.1599717140197754, -0.04603062570095062, 0.34369534254074097, 0.8024672269821167, -1.500598430633545, 0.06290852278470993, -0.06137416884303093, -0.1887255609035492, 0.17338202893733978, 0.7502992153167725, -0.2286187708377838, -0.6306195855140686, 0.6444287896156311, 0.1948629766702652, -0.1871912181377411, 0.1933286339044571, -0.2010003924369812, 0.0, 0.0,]
---
[ -0.17184767127037048, -1.104735016822815, -0.04449627175927162, 0.32681745290756226, 0.7641083598136902, -1.4284837245941162, 0.05983981490135193, -0.05830546095967293, -0.1795194447040558, 0.16571025550365448, 0.7150090336799622, -0.2178782969713211, -0.5999324917793274, 0.6137416958808899, 0.1856568604707718, -0.1779850870370865, 0.1841225028038025, -0.1917942762374878, 0.0, 0.0,]
---
[ -0.16417589783668518, -1.0494983196258545, -0.04142756387591362, 0.30993953347206116, 0.7257495522499084, -1.3579034805297852, 0.05677110329270363, -0.05523674935102463, -0.17031331360340118, 0.15650412440299988, 0.6797189116477966, -0.2071378231048584, -0.5707797408103943, 0.5830546021461487, 0.1764507293701172, -0.16877895593643188, 0.1749163717031479, -0.1825881451368332, 0.0, 0.0,]
---
[ -0.15496976673603058, -0.9942615032196045, -0.03989320993423462, 0.29459601640701294, 0.6873906850814819, -1.2857887744903564, 0.05370239540934563, -0.052168041467666626, -0.16110719740390778, 0.14883235096931458, 0.6428943872451782, -0.1963973343372345, -0.5400926470756531, 0.5523675084114075, 0.16724461317062378, -0.15957283973693848, 0.16571025550365448, -0.17338202893733978, 0.0, 0.0,]
---
[ -0.14729800820350647, -0.9390247464179993, -0.03682450205087662, 0.27771809697151184, 0.6490318179130554, -1.2152085304260254, 0.050633687525987625, -0.049099333584308624, -0.15190106630325317, 0.13962623476982117, 0.6076042652130127, -0.1856568604707718, -0.5109399557113647, 0.5216804146766663, 0.15803848206996918, -0.15190106630325317, 0.15650412440299988, -0.16264154016971588, 0.0, 0.0,]
---
[ -0.13809187710285187, -0.883787989616394, -0.03529014810919762, 0.26084020733833313, 0.6106729507446289, -1.1430938243865967, 0.04756497964262962, -0.04603062570095062, -0.14422929286956787, 0.13195446133613586, 0.5723140835762024, -0.1749163717031479, -0.48025286197662354, 0.49099335074424744, 0.14883235096931458, -0.14269493520259857, 0.14729800820350647, -0.15343542397022247, 0.0, 0.0,]
---
[ -0.12888574600219727, -0.8285512924194336, -0.03375579044222832, 0.24549667537212372, 0.5723140835762024, -1.0725135803222656, 0.04449627175927162, -0.04296191781759262, -0.13502316176891327, 0.12428268790245056, 0.5354896187782288, -0.16417589783668518, -0.4511001408100128, 0.4603062570095062, 0.13962623476982117, -0.13348881900310516, 0.13809187710285187, -0.14422929286956787, 0.0, 0.0,]
---
[ -0.12121398001909256, -0.7733145356178284, -0.030687084421515465, 0.2286187708377838, 0.5339552760124207, -1.000398874282837, 0.04142756387591362, -0.04142756387591362, -0.12581704556941986, 0.11507656425237656, 0.5001994371414185, -0.15343542397022247, -0.4204130470752716, 0.429619163274765, 0.13042010366916656, -0.12428268790245056, 0.12888574600219727, -0.13502316176891327, 0.0, 0.0,]
---
[ -0.11200785636901855, -0.7180777788162231, -0.029152730479836464, 0.2117408812046051, 0.49559640884399414, -0.9298186302185059, 0.03835885599255562, -0.03835885599255562, -0.11661092191934586, 0.10740479081869125, 0.46490931510925293, -0.14269493520259857, -0.3912603259086609, 0.3989320993423462, 0.12121398001909256, -0.11661092191934586, 0.11967962980270386, -0.12428268790245056, 0.0, 0.0,]
---
[ -0.10433608293533325, -0.6628410220146179, -0.026084020733833313, 0.1963973343372345, 0.4572375416755676, -0.8577039837837219, 0.03529014810919762, -0.03529014810919762, -0.10740479081869125, 0.09819866716861725, 0.4280848205089569, -0.13195446133613586, -0.3605732321739197, 0.368245005607605, 0.11200785636901855, -0.10740479081869125, 0.11047349870204926, -0.11507656425237656, 0.0, 0.0,]
---
[ -0.09512995928525925, -0.6076042652130127, -0.024549666792154312, 0.1795194447040558, 0.4204130470752716, -0.785589337348938, 0.032221436500549316, -0.032221436500549316, -0.09819866716861725, 0.09052689373493195, 0.392794668674469, -0.11967962980270386, -0.32988613843917847, 0.33755791187286377, 0.10280173271894455, -0.09819866716861725, 0.10126737505197525, -0.10587044060230255, 0.0, 0.0,]
---
[ -0.08592383563518524, -0.5523675084114075, -0.02301531285047531, 0.16264154016971588, 0.3820541799068451, -0.7150090336799622, 0.029152730479836464, -0.029152730479836464, -0.09052689373493195, 0.08285512775182724, 0.3575045168399811, -0.10893914848566055, -0.30073341727256775, 0.30687084794044495, 0.09206125140190125, -0.08899254351854324, 0.09206125140190125, -0.09666431695222855, 0.0, 0.0,]
---
[ -0.07825206220149994, -0.49713075160980225, -0.01994660496711731, 0.14729800820350647, 0.34369534254074097, -0.6428943872451782, 0.026084020733833313, -0.026084020733833313, -0.08132077008485794, 0.07364900410175323, 0.32068002223968506, -0.09819866716861725, -0.27004632353782654, 0.27618375420570374, 0.08285512775182724, -0.07978641986846924, 0.08285512775182724, -0.08745818585157394, 0.0, 0.0,]
---
[ -0.06904593855142593, -0.441893994808197, -0.01841225102543831, 0.13042010366916656, 0.30533647537231445, -0.5723140835762024, 0.02301531285047531, -0.02301531285047531, -0.07211464643478394, 0.06597723066806793, 0.28538987040519714, -0.08745818585157394, -0.24089360237121582, 0.24549667537212372, 0.07364900410175323, -0.07211464643478394, 0.07364900410175323, -0.07671771198511124, 0.0, 0.0,]
---
[ -0.06137416884303093, -0.3866572678089142, -0.015343542210757732, 0.11354220658540726, 0.2669776380062103, -0.5001994371414185, 0.01994660496711731, -0.02148095890879631, -0.06290852278470993, 0.05677110329270363, 0.25009971857070923, -0.07671771198511124, -0.2102065235376358, 0.2148095816373825, 0.06444287300109863, -0.06290852278470993, 0.06444287300109863, -0.06751158088445663, 0.0, 0.0,]
---
[ -0.052168041467666626, -0.33142051100730896, -0.013809187337756157, 0.09819866716861725, 0.2286187708377838, -0.429619163274765, 0.01687789522111416, -0.01841225102543831, -0.05370239540934563, 0.049099333584308624, 0.2132752388715744, -0.06597723066806793, -0.1810537874698639, 0.1841225028038025, 0.05523674935102463, -0.05370239540934563, 0.05523674935102463, -0.05830546095967293, 0.0, 0.0,]
---
[ -0.04296191781759262, -0.27618375420570374, -0.012274833396077156, 0.08132077008485794, 0.1902599185705185, -0.3575045168399811, 0.013809187337756157, -0.015343542210757732, -0.04603062570095062, 0.04142756387591362, 0.1779850870370865, -0.05523674935102463, -0.15036670863628387, 0.15343542397022247, 0.04603062570095062, -0.04449627175927162, 0.04603062570095062, -0.049099333584308624, 0.0, 0.0,]
---
[ -0.03529014810919762, -0.2209469974040985, -0.009206125512719154, 0.06444287300109863, 0.15190106630325317, -0.28692424297332764, 0.010740479454398155, -0.012274833396077156, -0.03682450205087662, 0.032221436500549316, 0.14269493520259857, -0.04449627175927162, -0.12121398001909256, 0.12274833768606186, 0.03682450205087662, -0.03682450205087662, 0.03682450205087662, -0.03835885599255562, 0.0, 0.0,]
---
[ -0.026084020733833313, -0.16571025550365448, -0.007671771105378866, 0.049099333584308624, 0.11354220658540726, -0.2148095816373825, 0.007671771105378866, -0.009206125512719154, -0.027618374675512314, 0.024549666792154312, 0.10587044060230255, -0.03375579044222832, -0.09052689373493195, 0.09206125140190125, 0.027618374675512314, -0.027618374675512314, 0.027618374675512314, -0.029152730479836464, 0.0, 0.0,]
---
[ -0.01841225102543831, -0.11047349870204926, -0.004603062756359577, 0.032221436500549316, 0.07518335431814194, -0.14422929286956787, 0.004603062756359577, -0.006137416698038578, -0.01841225102543831, 0.015343542210757732, 0.07058029621839523, -0.02301531285047531, -0.06137416884303093, 0.06137416884303093, 0.01841225102543831, -0.01841225102543831, 0.01841225102543831, -0.01994660496711731, 0.0, 0.0,]
---
