[ -0.13655751943588257, 0.1871912181377411, -0.04756497964262962, 0.04603062570095062, 1.5696443319320679, -1.571178674697876, 0.06597723066806793, -0.06290852278470993, -0.1963973343372345, 0.1825881451368332, 0.7211464643478394, 0.7978641986846924, -0.6597722768783569, 0.6751158237457275, 0.2056034654378891, -0.1948629766702652, 0.2025347501039505, -0.2102065235376358, 0.0, 0.0,] 
---
[ -0.11047349870204926, 0.1871912181377411, -0.04756497964262962, 0.04603062570095062, 1.5696443319320679, -1.571178674697876, 0.06597723066806793, -0.06290852278470993, -0.1963973343372345, 0.1825881451368332, 0.68892502784729, 0.7978641986846924, -0.6597722768783569, 0.6751158237457275, 0.2056034654378891, -0.1948629766702652, 0.2025347501039505, -0.2102065235376358, 0.0, 0.0,] 
---
[ -0.08438947796821594, 0.1871912181377411, -0.04756497964262962, 0.04603062570095062, 1.5696443319320679, -1.571178674697876, 0.06597723066806793, -0.06290852278470993, -0.1963973343372345, 0.1825881451368332, 0.6567035913467407, 0.7978641986846924, -0.6597722768783569, 0.6751158237457275, 0.2056034654378891, -0.1948629766702652, 0.2025347501039505, -0.2102065235376358, 0.0, 0.0,] 
---
[ -0.05677110329270363, 0.1871912181377411, -0.04756497964262962, 0.04603062570095062, 1.5696443319320679, -1.571178674697876, 0.06597723066806793, -0.06290852278470993, -0.1963973343372345, 0.1825881451368332, 0.6229478120803833, 0.7978641986846924, -0.6597722768783569, 0.6751158237457275, 0.2056034654378891, -0.1948629766702652, 0.2025347501039505, -0.2102065235376358, 0.0, 0.0,] 
---
[ -0.030687084421515465, 0.1871912181377411, -0.04756497964262962, 0.04603062570095062, 1.5696443319320679, -1.571178674697876, 0.06597723066806793, -0.06290852278470993, -0.1963973343372345, 0.1825881451368332, 0.590726375579834, 0.7978641986846924, -0.6597722768783569, 0.6751158237457275, 0.2056034654378891, -0.1948629766702652, 0.2025347501039505, -0.2102065235376358, 0.0, 0.0,] 
---
[ -0.004603062756359577, 0.1871912181377411, -0.04756497964262962, 0.04603062570095062, 1.5696443319320679, -1.571178674697876, 0.06597723066806793, -0.06290852278470993, -0.1963973343372345, 0.1825881451368332, 0.5585049390792847, 0.7978641986846924, -0.6597722768783569, 0.6751158237457275, 0.2056034654378891, -0.1948629766702652, 0.2025347501039505, -0.2102065235376358, 0.0, 0.0,] 
---
[ 0.02148095890879631, 0.1871912181377411, -0.04756497964262962, 0.04603062570095062, 1.5696443319320679, -1.571178674697876, 0.06597723066806793, -0.06290852278470993, -0.1963973343372345, 0.1825881451368332, 0.5262835025787354, 0.7978641986846924, -0.6597722768783569, 0.6751158237457275, 0.2056034654378891, -0.1948629766702652, 0.2025347501039505, -0.2102065235376358, 0.0, 0.0,] 
---
[ 0.049099333584308624, 0.1871912181377411, -0.04756497964262962, 0.04603062570095062, 1.5696443319320679, -1.571178674697876, 0.06597723066806793, -0.06290852278470993, -0.1963973343372345, 0.1825881451368332, 0.49252769351005554, 0.7978641986846924, -0.6597722768783569, 0.6751158237457275, 0.2056034654378891, -0.1948629766702652, 0.2025347501039505, -0.2102065235376358, 0.0, 0.0,] 
---
[ 0.07518335431814194, 0.1871912181377411, -0.04756497964262962, 0.04603062570095062, 1.5696443319320679, -1.571178674697876, 0.06597723066806793, -0.06290852278470993, -0.1963973343372345, 0.1825881451368332, 0.4603062570095062, 0.7978641986846924, -0.6597722768783569, 0.6751158237457275, 0.2056034654378891, -0.1948629766702652, 0.2025347501039505, -0.2102065235376358, 0.0, 0.0,] 
---
[ 0.10126737505197525, 0.1871912181377411, -0.04756497964262962, 0.04603062570095062, 1.5696443319320679, -1.571178674697876, 0.06597723066806793, -0.06290852278470993, -0.1963973343372345, 0.1825881451368332, 0.4280848205089569, 0.7978641986846924, -0.6597722768783569, 0.6751158237457275, 0.2056034654378891, -0.1948629766702652, 0.2025347501039505, -0.2102065235376358, 0.0, 0.0,] 
---
[ 0.12735140323638916, 0.1871912181377411, -0.04756497964262962, 0.04603062570095062, 1.5696443319320679, -1.571178674697876, 0.06597723066806793, -0.06290852278470993, -0.1963973343372345, 0.1825881451368332, 0.3958633840084076, 0.7978641986846924, -0.6597722768783569, 0.6751158237457275, 0.2056034654378891, -0.1948629766702652, 0.2025347501039505, -0.2102065235376358, 0.0, 0.0,] 
---
[ 0.15343542397022247, 0.1871912181377411, -0.04756497964262962, 0.04603062570095062, 1.5696443319320679, -1.571178674697876, 0.06597723066806793, -0.06290852278470993, -0.1963973343372345, 0.1825881451368332, 0.3636419475078583, 0.7978641986846924, -0.6597722768783569, 0.6751158237457275, 0.2056034654378891, -0.1948629766702652, 0.2025347501039505, -0.2102065235376358, 0.0, 0.0,] 
---
[ 0.1810537874698639, 0.1871912181377411, -0.04756497964262962, 0.04603062570095062, 1.5696443319320679, -1.571178674697876, 0.06597723066806793, -0.06290852278470993, -0.1963973343372345, 0.1825881451368332, 0.32988613843917847, 0.7978641986846924, -0.6597722768783569, 0.6751158237457275, 0.2056034654378891, -0.1948629766702652, 0.2025347501039505, -0.2102065235376358, 0.0, 0.0,] 
---
[ 0.2071378231048584, 0.1871912181377411, -0.04756497964262962, 0.04603062570095062, 1.5696443319320679, -1.571178674697876, 0.06597723066806793, -0.06290852278470993, -0.1963973343372345, 0.1825881451368332, 0.29766470193862915, 0.7978641986846924, -0.6597722768783569, 0.6751158237457275, 0.2056034654378891, -0.1948629766702652, 0.2025347501039505, -0.2102065235376358, 0.0, 0.0,] 
---
[ 0.2332218438386917, 0.1871912181377411, -0.04756497964262962, 0.04603062570095062, 1.5696443319320679, -1.571178674697876, 0.06597723066806793, -0.06290852278470993, -0.1963973343372345, 0.1825881451368332, 0.26544326543807983, 0.7978641986846924, -0.6597722768783569, 0.6751158237457275, 0.2056034654378891, -0.1948629766702652, 0.2025347501039505, -0.2102065235376358, 0.0, 0.0,] 
---
[ 0.259305864572525, 0.1871912181377411, -0.04756497964262962, 0.04603062570095062, 1.5696443319320679, -1.571178674697876, 0.06597723066806793, -0.06290852278470993, -0.1963973343372345, 0.1825881451368332, 0.2332218438386917, 0.7978641986846924, -0.6597722768783569, 0.6751158237457275, 0.2056034654378891, -0.1948629766702652, 0.2025347501039505, -0.2102065235376358, 0.0, 0.0,] 
---
[ 0.28692424297332764, 0.1871912181377411, -0.04756497964262962, 0.04603062570095062, 1.5696443319320679, -1.571178674697876, 0.06597723066806793, -0.06290852278470993, -0.1963973343372345, 0.1825881451368332, 0.1994660496711731, 0.7978641986846924, -0.6597722768783569, 0.6751158237457275, 0.2056034654378891, -0.1948629766702652, 0.2025347501039505, -0.2102065235376358, 0.0, 0.0,] 
---
[ 0.31300824880599976, 0.1871912181377411, -0.04756497964262962, 0.04603062570095062, 1.5696443319320679, -1.571178674697876, 0.06597723066806793, -0.06290852278470993, -0.1963973343372345, 0.1825881451368332, 0.16724461317062378, 0.7978641986846924, -0.6597722768783569, 0.6751158237457275, 0.2056034654378891, -0.1948629766702652, 0.2025347501039505, -0.2102065235376358, 0.0, 0.0,] 
---
[ 0.33909228444099426, 0.1871912181377411, -0.04756497964262962, 0.04603062570095062, 1.5696443319320679, -1.571178674697876, 0.06597723066806793, -0.06290852278470993, -0.1963973343372345, 0.1825881451368332, 0.13502316176891327, 0.7978641986846924, -0.6597722768783569, 0.6751158237457275, 0.2056034654378891, -0.1948629766702652, 0.2025347501039505, -0.2102065235376358, 0.0, 0.0,] 
---
[ 0.3651762902736664, 0.1871912181377411, -0.04756497964262962, 0.04603062570095062, 1.5696443319320679, -1.571178674697876, 0.06597723066806793, -0.06290852278470993, -0.1963973343372345, 0.1825881451368332, 0.10280173271894455, 0.7978641986846924, -0.6597722768783569, 0.6751158237457275, 0.2056034654378891, -0.1948629766702652, 0.2025347501039505, -0.2102065235376358, 0.0, 0.0,] 
---
[ 0.392794668674469, 0.1871912181377411, -0.04756497964262962, 0.04603062570095062, 1.5696443319320679, -1.571178674697876, 0.06597723066806793, -0.06290852278470993, -0.1963973343372345, 0.1825881451368332, 0.07058029621839523, 0.7978641986846924, -0.6597722768783569, 0.6751158237457275, 0.2056034654378891, -0.1948629766702652, 0.2025347501039505, -0.2102065235376358, 0.0, 0.0,] 
---
[ 0.392794668674469, 0.1871912181377411, -0.04756497964262962, 0.04603062570095062, 1.5696443319320679, -1.5251480340957642, 0.06597723066806793, -0.06290852278470993, -0.1963973343372345, 0.1825881451368332, 0.07058029621839523, 0.7978641986846924, -0.6597722768783569, 0.6751158237457275, 0.2056034654378891, -0.1948629766702652, 0.2025347501039505, -0.2102065235376358, 0.0, 0.0,] 
---
[ 0.392794668674469, 0.1871912181377411, -0.04756497964262962, 0.04603062570095062, 1.5696443319320679, -1.4775830507278442, 0.06597723066806793, -0.06290852278470993, -0.1963973343372345, 0.1825881451368332, 0.07058029621839523, 0.7978641986846924, -0.6597722768783569, 0.6751158237457275, 0.2056034654378891, -0.1948629766702652, 0.2025347501039505, -0.2102065235376358, 0.0, 0.0,] 
---
[ 0.392794668674469, 0.1871912181377411, -0.04756497964262962, 0.04603062570095062, 1.5696443319320679, -1.4315524101257324, 0.06597723066806793, -0.06290852278470993, -0.1963973343372345, 0.1825881451368332, 0.07058029621839523, 0.7978641986846924, -0.6597722768783569, 0.6751158237457275, 0.2056034654378891, -0.1948629766702652, 0.2025347501039505, -0.2102065235376358, 0.0, 0.0,] 
---
[ 0.392794668674469, 0.1871912181377411, -0.04756497964262962, 0.04603062570095062, 1.5696443319320679, -1.3839874267578125, 0.06597723066806793, -0.06290852278470993, -0.1963973343372345, 0.1825881451368332, 0.07058029621839523, 0.7978641986846924, -0.6597722768783569, 0.6751158237457275, 0.2056034654378891, -0.1948629766702652, 0.2025347501039505, -0.2102065235376358, 0.0, 0.0,] 
---
[ 0.392794668674469, 0.1871912181377411, -0.04756497964262962, 0.04603062570095062, 1.5696443319320679, -1.3379569053649902, 0.06597723066806793, -0.06290852278470993, -0.1963973343372345, 0.1825881451368332, 0.07058029621839523, 0.7978641986846924, -0.6597722768783569, 0.6751158237457275, 0.2056034654378891, -0.1948629766702652, 0.2025347501039505, -0.2102065235376358, 0.0, 0.0,] 
---
[ 0.392794668674469, 0.1871912181377411, -0.04756497964262962, 0.04603062570095062, 1.5696443319320679, -1.2903919219970703, 0.06597723066806793, -0.06290852278470993, -0.1963973343372345, 0.1825881451368332, 0.07058029621839523, 0.7978641986846924, -0.6597722768783569, 0.6751158237457275, 0.2056034654378891, -0.1948629766702652, 0.2025347501039505, -0.2102065235376358, 0.0, 0.0,] 
---
[ 0.392794668674469, 0.1871912181377411, -0.04756497964262962, 0.04603062570095062, 1.5696443319320679, -1.2443612813949585, 0.06597723066806793, -0.06290852278470993, -0.1963973343372345, 0.1825881451368332, 0.07058029621839523, 0.7978641986846924, -0.6597722768783569, 0.6751158237457275, 0.2056034654378891, -0.1948629766702652, 0.2025347501039505, -0.2102065235376358, 0.0, 0.0,] 
---
[ 0.392794668674469, 0.1871912181377411, -0.04756497964262962, 0.04603062570095062, 1.5696443319320679, -1.1967962980270386, 0.06597723066806793, -0.06290852278470993, -0.1963973343372345, 0.1825881451368332, 0.07058029621839523, 0.7978641986846924, -0.6597722768783569, 0.6751158237457275, 0.2056034654378891, -0.1948629766702652, 0.2025347501039505, -0.2102065235376358, 0.0, 0.0,] 
---
[ 0.392794668674469, 0.1871912181377411, -0.04756497964262962, 0.04603062570095062, 1.5696443319320679, -1.1507656574249268, 0.06597723066806793, -0.06290852278470993, -0.1963973343372345, 0.1825881451368332, 0.07058029621839523, 0.7978641986846924, -0.6597722768783569, 0.6751158237457275, 0.2056034654378891, -0.1948629766702652, 0.2025347501039505, -0.2102065235376358, 0.0, 0.0,] 
---
[ 0.392794668674469, 0.1871912181377411, -0.04756497964262962, 0.04603062570095062, 1.5696443319320679, -1.1032006740570068, 0.06597723066806793, -0.06290852278470993, -0.1963973343372345, 0.1825881451368332, 0.07058029621839523, 0.7978641986846924, -0.6597722768783569, 0.6751158237457275, 0.2056034654378891, -0.1948629766702652, 0.2025347501039505, -0.2102065235376358, 0.0, 0.0,] 
---
[ 0.392794668674469, 0.1871912181377411, -0.04756497964262962, 0.04603062570095062, 1.5696443319320679, -1.055635690689087, 0.06597723066806793, -0.06290852278470993, -0.1963973343372345, 0.1825881451368332, 0.07058029621839523, 0.7978641986846924, -0.6597722768783569, 0.6751158237457275, 0.2056034654378891, -0.1948629766702652, 0.2025347501039505, -0.2102065235376358, 0.0, 0.0,] 
---
[ 0.392794668674469, 0.1871912181377411, -0.04756497964262962, 0.04603062570095062, 1.5696443319320679, -1.009605050086975, 0.06597723066806793, -0.06290852278470993, -0.1963973343372345, 0.1825881451368332, 0.07058029621839523, 0.7978641986846924, -0.6597722768783569, 0.6751158237457275, 0.2056034654378891, -0.1948629766702652, 0.2025347501039505, -0.2102065235376358, 0.0, 0.0,] 
---
[ 0.392794668674469, 0.1871912181377411, -0.04756497964262962, 0.04603062570095062, 1.5696443319320679, -0.9620400667190552, 0.06597723066806793, -0.06290852278470993, -0.1963973343372345, 0.1825881451368332, 0.07058029621839523, 0.7978641986846924, -0.6597722768783569, 0.6751158237457275, 0.2056034654378891, -0.1948629766702652, 0.2025347501039505, -0.2102065235376358, 0.0, 0.0,] 
---
[ 0.392794668674469, 0.1871912181377411, -0.04756497964262962, 0.04603062570095062, 1.5696443319320679, -0.9160094261169434, 0.06597723066806793, -0.06290852278470993, -0.1963973343372345, 0.1825881451368332, 0.07058029621839523, 0.7978641986846924, -0.6597722768783569, 0.6751158237457275, 0.2056034654378891, -0.1948629766702652, 0.2025347501039505, -0.2102065235376358, 0.0, 0.0,] 
---
[ 0.392794668674469, 0.1871912181377411, -0.04756497964262962, 0.04603062570095062, 1.5696443319320679, -0.8684444427490234, 0.06597723066806793, -0.06290852278470993, -0.1963973343372345, 0.1825881451368332, 0.07058029621839523, 0.7978641986846924, -0.6597722768783569, 0.6751158237457275, 0.2056034654378891, -0.1948629766702652, 0.2025347501039505, -0.2102065235376358, 0.0, 0.0,] 
---
[ 0.392794668674469, 0.1871912181377411, -0.04756497964262962, 0.04603062570095062, 1.5696443319320679, -0.8224138617515564, 0.06597723066806793, -0.06290852278470993, -0.1963973343372345, 0.1825881451368332, 0.07058029621839523, 0.7978641986846924, -0.6597722768783569, 0.6751158237457275, 0.2056034654378891, -0.1948629766702652, 0.2025347501039505, -0.2102065235376358, 0.0, 0.0,] 
---
[ 0.392794668674469, 0.1871912181377411, -0.04756497964262962, 0.04603062570095062, 1.5696443319320679, -0.7748488783836365, 0.06597723066806793, -0.06290852278470993, -0.1963973343372345, 0.1825881451368332, 0.07058029621839523, 0.7978641986846924, -0.6597722768783569, 0.6751158237457275, 0.2056034654378891, -0.1948629766702652, 0.2025347501039505, -0.2102065235376358, 0.0, 0.0,] 
---
[ 0.392794668674469, 0.1871912181377411, -0.04756497964262962, 0.04603062570095062, 1.5696443319320679, -0.7288182377815247, 0.06597723066806793, -0.06290852278470993, -0.1963973343372345, 0.1825881451368332, 0.07058029621839523, 0.7978641986846924, -0.6597722768783569, 0.6751158237457275, 0.2056034654378891, -0.1948629766702652, 0.2025347501039505, -0.2102065235376358, 0.0, 0.0,] 
---
[ 0.392794668674469, 0.1871912181377411, -0.04756497964262962, 0.04603062570095062, 1.5696443319320679, -0.6812532544136047, 0.06597723066806793, -0.06290852278470993, -0.1963973343372345, 0.1825881451368332, 0.07058029621839523, 0.7978641986846924, -0.6597722768783569, 0.6751158237457275, 0.2056034654378891, -0.1948629766702652, 0.2025347501039505, -0.2102065235376358, 0.0, 0.0,] 
---
[ 0.392794668674469, 0.1871912181377411, -0.04756497964262962, 0.04603062570095062, 1.5696443319320679, -0.6352226138114929, 0.06597723066806793, -0.06290852278470993, -0.1963973343372345, 0.1825881451368332, 0.07058029621839523, 0.7978641986846924, -0.6597722768783569, 0.6751158237457275, 0.2056034654378891, -0.1948629766702652, 0.2025347501039505, -0.2102065235376358, 0.0, 0.0,] 
---
[ 0.392794668674469, 0.1871912181377411, -0.04756497964262962, 0.04603062570095062, 1.5696443319320679, -0.587657630443573, 0.06597723066806793, -0.06290852278470993, -0.1963973343372345, 0.1825881451368332, 0.07058029621839523, 0.7978641986846924, -0.6597722768783569, 0.6751158237457275, 0.2056034654378891, -0.1948629766702652, 0.2025347501039505, -0.2102065235376358, 0.0, 0.0,] 
---
[ 0.392794668674469, 0.1871912181377411, -0.04756497964262962, 0.04603062570095062, 1.5696443319320679, -0.5400926470756531, 0.06597723066806793, -0.06290852278470993, -0.1963973343372345, 0.1825881451368332, 0.07058029621839523, 0.7978641986846924, -0.6597722768783569, 0.6751158237457275, 0.2056034654378891, -0.1948629766702652, 0.2025347501039505, -0.2102065235376358, 0.0, 0.0,] 
---
[ 0.3743824362754822, 0.1779850870370865, -0.04603062570095062, 0.04296191781759262, 1.4975297451019287, -0.5155429840087891, 0.06290852278470993, -0.06137416884303093, -0.1887255609035492, 0.17338202893733978, 0.06597723066806793, 0.761039674282074, -0.6306195855140686, 0.6444287896156311, 0.1948629766702652, -0.1871912181377411, 0.1933286339044571, -0.2010003924369812, 0.0, 0.0,] 
---
[ 0.355970174074173, 0.16877895593643188, -0.04449627175927162, 0.04142756387591362, 1.426949381828308, -0.49099335074424744, 0.05983981490135193, -0.05830546095967293, -0.1795194447040558, 0.16571025550365448, 0.06290852278470993, 0.7242151498794556, -0.5999324917793274, 0.6137416958808899, 0.1856568604707718, -0.1779850870370865, 0.1841225028038025, -0.1917942762374878, 0.0, 0.0,] 
---
[ 0.33909228444099426, 0.16110719740390778, -0.04142756387591362, 0.03835885599255562, 1.354834794998169, -0.4664436876773834, 0.05677110329270363, -0.05523674935102463, -0.17031331360340118, 0.15650412440299988, 0.05983981490135193, 0.68892502784729, -0.5707797408103943, 0.5830546021461487, 0.1764507293701172, -0.16877895593643188, 0.1749163717031479, -0.1825881451368332, 0.0, 0.0,] 
---
[ 0.32068002223968506, 0.15190106630325317, -0.03989320993423462, 0.03682450205087662, 1.2842544317245483, -0.441893994808197, 0.05370239540934563, -0.052168041467666626, -0.16110719740390778, 0.14883235096931458, 0.05677110329270363, 0.6521005034446716, -0.5400926470756531, 0.5523675084114075, 0.16724461317062378, -0.15957283973693848, 0.16571025550365448, -0.17338202893733978, 0.0, 0.0,] 
---
[ 0.30226778984069824, 0.14422929286956787, -0.03682450205087662, 0.03529014810919762, 1.2121398448944092, -0.417344331741333, 0.050633687525987625, -0.049099333584308624, -0.15190106630325317, 0.13962623476982117, 0.05370239540934563, 0.615276038646698, -0.5109399557113647, 0.5216804146766663, 0.15803848206996918, -0.15190106630325317, 0.15650412440299988, -0.16264154016971588, 0.0, 0.0,] 
---
[ 0.28538987040519714, 0.13502316176891327, -0.03529014810919762, 0.032221436500549316, 1.1415594816207886, -0.392794668674469, 0.04756497964262962, -0.04603062570095062, -0.14422929286956787, 0.13195446133613586, 0.050633687525987625, 0.5799858570098877, -0.48025286197662354, 0.49099335074424744, 0.14883235096931458, -0.14269493520259857, 0.14729800820350647, -0.15343542397022247, 0.0, 0.0,] 
---
[ 0.2669776380062103, 0.12735140323638916, -0.03375579044222832, 0.030687084421515465, 1.0694448947906494, -0.368245005607605, 0.04449627175927162, -0.04296191781759262, -0.13502316176891327, 0.12428268790245056, 0.04756497964262962, 0.5431613922119141, -0.4511001408100128, 0.4603062570095062, 0.13962623476982117, -0.13348881900310516, 0.13809187710285187, -0.14422929286956787, 0.0, 0.0,] 
---
[ 0.24856537580490112, 0.11814527213573456, -0.030687084421515465, 0.029152730479836464, 0.9988645911216736, -0.34369534254074097, 0.04142756387591362, -0.04142756387591362, -0.12581704556941986, 0.11507656425237656, 0.04449627175927162, 0.5063368678092957, -0.4204130470752716, 0.429619163274765, 0.13042010366916656, -0.12428268790245056, 0.12888574600219727, -0.13502316176891327, 0.0, 0.0,] 
---
[ 0.2316874861717224, 0.11047349870204926, -0.029152730479836464, 0.026084020733833313, 0.9267499446868896, -0.31914567947387695, 0.03835885599255562, -0.03835885599255562, -0.11661092191934586, 0.10740479081869125, 0.04142756387591362, 0.4710467457771301, -0.3912603259086609, 0.3989320993423462, 0.12121398001909256, -0.11661092191934586, 0.11967962980270386, -0.12428268790245056, 0.0, 0.0,] 
---
[ 0.2132752388715744, 0.10126737505197525, -0.026084020733833313, 0.024549666792154312, 0.8561696410179138, -0.29459601640701294, 0.03529014810919762, -0.03529014810919762, -0.10740479081869125, 0.09819866716861725, 0.03835885599255562, 0.4342222213745117, -0.3605732321739197, 0.368245005607605, 0.11200785636901855, -0.10740479081869125, 0.11047349870204926, -0.11507656425237656, 0.0, 0.0,] 
---
[ 0.1963973343372345, 0.09359560906887054, -0.024549666792154312, 0.02301531285047531, 0.7840549945831299, -0.27004632353782654, 0.032221436500549316, -0.032221436500549316, -0.09819866716861725, 0.09052689373493195, 0.03529014810919762, 0.3989320993423462, -0.32988613843917847, 0.33755791187286377, 0.10280173271894455, -0.09819866716861725, 0.10126737505197525, -0.10587044060230255, 0.0, 0.0,] 
---
[ 0.1779850870370865, 0.08438947796821594, -0.02301531285047531, 0.01994660496711731, 0.713474690914154, -0.24549667537212372, 0.029152730479836464, -0.029152730479836464, -0.09052689373493195, 0.08285512775182724, 0.030687084421515465, 0.3621075749397278, -0.30073341727256775, 0.30687084794044495, 0.09206125140190125, -0.08899254351854324, 0.09206125140190125, -0.09666431695222855, 0.0, 0.0,] 
---
[ 0.15957283973693848, 0.07518335431814194, -0.01994660496711731, 0.01841225102543831, 0.6413600444793701, -0.2209469974040985, 0.026084020733833313, -0.026084020733833313, -0.08132077008485794, 0.07364900410175323, 0.027618374675512314, 0.32528308033943176, -0.27004632353782654, 0.27618375420570374, 0.08285512775182724, -0.07978641986846924, 0.08285512775182724, -0.08745818585157394, 0.0, 0.0,] 
---
[ 0.14269493520259857, 0.06751158088445663, -0.01841225102543831, 0.015343542210757732, 0.5707797408103943, -0.1963973343372345, 0.02301531285047531, -0.02301531285047531, -0.07211464643478394, 0.06597723066806793, 0.024549666792154312, 0.28999292850494385, -0.24089360237121582, 0.24549667537212372, 0.07364900410175323, -0.07211464643478394, 0.07364900410175323, -0.07671771198511124, 0.0, 0.0,] 
---
[ 0.12428268790245056, 0.05830546095967293, -0.015343542210757732, 0.013809187337756157, 0.49866512417793274, -0.17184767127037048, 0.01994660496711731, -0.02148095890879631, -0.06290852278470993, 0.05677110329270363, 0.02148095890879631, 0.2531684339046478, -0.2102065235376358, 0.2148095816373825, 0.06444287300109863, -0.06290852278470993, 0.06444287300109863, -0.06751158088445663, 0.0, 0.0,] 
---
[ 0.10587044060230255, 0.050633687525987625, -0.013809187337756157, 0.012274833396077156, 0.4280848205089569, -0.14729800820350647, 0.01687789522111416, -0.01841225102543831, -0.05370239540934563, 0.049099333584308624, 0.01841225102543831, 0.2163439393043518, -0.1810537874698639, 0.1841225028038025, 0.05523674935102463, -0.05370239540934563, 0.05523674935102463, -0.05830546095967293, 0.0, 0.0,] 
---
[ 0.08899254351854324, 0.04142756387591362, -0.012274833396077156, 0.009206125512719154, 0.355970174074173, -0.12274833768606186, 0.013809187337756157, -0.015343542210757732, -0.04603062570095062, 0.04142756387591362, 0.015343542210757732, 0.1810537874698639, -0.15036670863628387, 0.15343542397022247, 0.04603062570095062, -0.04449627175927162, 0.04603062570095062, -0.049099333584308624, 0.0, 0.0,] 
---
[ 0.07058029621839523, 0.03375579044222832, -0.009206125512719154, 0.007671771105378866, 0.28538987040519714, -0.09819866716861725, 0.010740479454398155, -0.012274833396077156, -0.03682450205087662, 0.032221436500549316, 0.012274833396077156, 0.14422929286956787, -0.12121398001909256, 0.12274833768606186, 0.03682450205087662, -0.03682450205087662, 0.03682450205087662, -0.03835885599255562, 0.0, 0.0,] 
---
[ 0.052168041467666626, 0.024549666792154312, -0.007671771105378866, 0.006137416698038578, 0.2132752388715744, -0.07364900410175323, 0.007671771105378866, -0.009206125512719154, -0.027618374675512314, 0.024549666792154312, 0.009206125512719154, 0.10740479081869125, -0.09052689373493195, 0.09206125140190125, 0.027618374675512314, -0.027618374675512314, 0.027618374675512314, -0.029152730479836464, 0.0, 0.0,] 
---
[ 0.03529014810919762, 0.01687789522111416, -0.004603062756359577, 0.003068708349019289, 0.14269493520259857, -0.049099333584308624, 0.004603062756359577, -0.006137416698038578, -0.01841225102543831, 0.015343542210757732, 0.006137416698038578, 0.07211464643478394, -0.06137416884303093, 0.06137416884303093, 0.01841225102543831, -0.01841225102543831, 0.01841225102543831, -0.01994660496711731, 0.0, 0.0,] 
---
