[ -0.1887255609035492, 0.1871912181377411, -0.04756497964262962, 0.04603062570095062, 1.5696443319320679, -1.571178674697876, 0.06597723066806793, -0.06290852278470993, -0.1963973343372345, 0.1825881451368332, 0.7871236801147461, 0.7978641986846924, -0.6597722768783569, 0.6751158237457275, 0.2056034654378891, -0.1948629766702652, 0.2025347501039505, -0.2102065235376358, 0.0, 0.0,]
---
[ -0.1887255609035492, 0.1871912181377411, -0.04756497964262962, 0.04603062570095062, 1.5696443319320679, -1.571178674697876, 0.06597723066806793, -0.06290852278470993, -0.1963973343372345, 0.1825881451368332, 0.7871236801147461, 0.7978641986846924, -0.6597722768783569, 0.6751158237457275, 0.2056034654378891, -0.1948629766702652, 0.2025347501039505, -0.2102065235376358, 0.0, 0.0,]
---
[ -0.1887255609035492, 0.1871912181377411, -0.04756497964262962, 0.04603062570095062, 1.5696443319320679, -1.571178674697876, 0.06597723066806793, -0.06290852278470993, -0.1963973343372345, 0.1825881451368332, 0.7871236801147461, 0.7978641986846924, -0.6597722768783569, 0.6751158237457275, 0.2056034654378891, -0.1948629766702652, 0.2025347501039505, -0.2102065235376358, 0.0, 0.0,]
---
[ -0.1887255609035492, 0.1871912181377411, -0.04756497964262962, 0.04603062570095062, 1.5696443319320679, -1.571178674697876, 0.10740479081869125, -0.05370239540934563, -0.30840519070625305, 0.15190106630325317, 1.0418264865875244, 0.8300856351852417, -1.0172768831253052, 0.711940348148346, 0.32374873757362366, -0.16264154016971588, 0.31761130690574646, -0.2132752388715744, 0.0, 0.0,]
---
[ -0.1887255609035492, 0.1871912181377411, -0.04756497964262962, 0.04603062570095062, 1.5696443319320679, -1.571178674697876, 0.15343542397022247, -0.05677110329270363, -0.4250161051750183, 0.15803848206996918, 1.399330973625183, 0.8178107738494873, -1.453033447265625, 0.7058029174804688, 0.4495657682418823, -0.16877895593643188, 0.4096725583076477, -0.2194126546382904, 0.0, 0.0,]
---
[ -0.1887255609035492, 0.1871912181377411, -0.04756497964262962, 0.04603062570095062, 1.5696443319320679, -1.571178674697876, 0.15496976673603058, -0.06597723066806793, -0.4265504777431488, 0.1933286339044571, 1.2658421993255615, 0.7794519066810608, -1.2673765420913696, 0.6597722768783569, 0.4511001408100128, -0.2056034654378891, 0.3590388894081116, -0.2132752388715744, 0.0, 0.0,]
---
[ -0.1887255609035492, 0.1871912181377411, -0.04756497964262962, 0.04603062570095062, 1.5696443319320679, -1.571178674697876, 0.12428268790245056, -0.09206125140190125, -0.3498327434062958, 0.2669776380062103, 0.7272838950157166, 0.6720471382141113, -0.5293521881103516, 0.5078712105751038, 0.3697793483734131, -0.28385552763938904, 0.14729800820350647, -0.1749163717031479, 0.0, 0.0,]
---
[ -0.1887255609035492, 0.1871912181377411, -0.04756497964262962, 0.04603062570095062, 1.5696443319320679, -1.571178674697876, 0.09666431695222855, -0.12274833768606186, -0.28385552763938904, 0.34829840064048767, 0.6735814809799194, 0.32528308033943176, -0.46184059977531433, 0.0, 0.29919907450675964, -0.3697793483734131, 0.12581704556941986, -0.02301531285047531, 0.0, 0.0,]
---
[ -0.1887255609035492, 0.1871912181377411, -0.04756497964262962, 0.04603062570095062, 1.5696443319320679, -1.571178674697876, 0.06904593855142593, -0.14883235096931458, -0.2056034654378891, 0.4112069308757782, 0.785589337348938, 1.0172768831253052, -0.6459631323814392, 0.9666431546211243, 0.2148095816373825, -0.4372909367084503, 0.1902599185705185, -0.30840519070625305, 0.0, 0.0,]
---
[ -0.1887255609035492, 0.1871912181377411, -0.04756497964262962, 0.04603062570095062, 1.5696443319320679, -1.571178674697876, 0.05370239540934563, -0.16417589783668518, -0.16264154016971588, 0.4480314254760742, 0.8178107738494873, 1.3931936025619507, -0.7058029174804688, 1.4422929286956787, 0.16877895593643188, -0.47718414664268494, 0.2163439393043518, -0.4142756462097168, 0.0, 0.0,]
---
[ -0.1887255609035492, 0.1871912181377411, -0.04756497964262962, 0.04603062570095062, 1.5696443319320679, -1.571178674697876, 0.052168041467666626, -0.12888574600219727, -0.15190106630325317, 0.3605732321739197, 0.8178107738494873, 1.2474299669265747, -0.7150090336799622, 1.259704828262329, 0.15957283973693848, -0.3835885524749756, 0.2255500704050064, -0.3621075749397278, 0.0, 0.0,]
---
[ -0.1887255609035492, 0.1871912181377411, -0.04756497964262962, 0.04603062570095062, 1.5696443319320679, -1.571178674697876, 0.05677110329270363, -0.08132077008485794, -0.17184767127037048, 0.23782490193843842, 0.7947954535484314, 0.8577039837837219, -0.6919937133789062, 0.7334213256835938, 0.1795194447040558, -0.2531684339046478, 0.22708441317081451, -0.2132752388715744, 0.0, 0.0,]
---
[ -0.1887255609035492, 0.1871912181377411, -0.04756497964262962, 0.04603062570095062, 1.5696443319320679, -1.571178674697876, 0.07825206220149994, -0.05983981490135193, -0.2286187708377838, 0.16724461317062378, 0.7717801332473755, 0.8239482045173645, -0.6613066792488098, 0.6950624585151672, 0.23935925960540771, -0.1779850870370865, 0.2209469974040985, -0.2025347501039505, 0.0, 0.0,]
---
[ -0.1887255609035492, 0.1871912181377411, -0.04756497964262962, 0.04603062570095062, 1.5696443319320679, -1.571178674697876, 0.11967962980270386, -0.052168041467666626, -0.34062662720680237, 0.15036670863628387, 1.161506175994873, 0.8285512924194336, -1.1707122325897217, 0.713474690914154, 0.3590388894081116, -0.16110719740390778, 0.35443583130836487, -0.2163439393043518, 0.0, 0.0,]
---
[ -0.1887255609035492, 0.1871912181377411, -0.04756497964262962, 0.04603062570095062, 1.5696443319320679, -1.571178674697876, 0.15957283973693848, -0.05677110329270363, -0.4388253092765808, 0.16571025550365448, 1.4131401777267456, 0.810139000415802, -1.4622395038604736, 0.6981311440467834, 0.4633749723434448, -0.1764507293701172, 0.4096725583076477, -0.2194126546382904, 0.0, 0.0,]
---
[ -0.1887255609035492, 0.1871912181377411, -0.04756497964262962, 0.04603062570095062, 1.5696443319320679, -1.571178674697876, 0.14422929286956787, -0.07364900410175323, -0.4020007848739624, 0.2148095816373825, 1.1124067306518555, 0.7549022436141968, -1.0633074045181274, 0.6260164976119995, 0.4250161051750183, -0.22708441317081451, 0.30533647537231445, -0.2056034654378891, 0.0, 0.0,]
---
[ -0.1887255609035492, 0.1871912181377411, -0.04756497964262962, 0.04603062570095062, 1.5696443319320679, -1.571178674697876, 0.11814527213573456, -0.10433608293533325, -0.33295485377311707, 0.28999292850494385, 0.6045355796813965, 0.6198790669441223, -0.35136711597442627, 0.4311535358428955, 0.35136711597442627, -0.30993953347206116, 0.09052689373493195, -0.15343542397022247, 0.0, 0.0,]
---
[ -0.1887255609035492, 0.1871912181377411, -0.04756497964262962, 0.04603062570095062, 1.5696443319320679, -1.571178674697876, 0.08592383563518524, -0.13042010366916656, -0.2531684339046478, 0.3651762902736664, 0.7272838950157166, 0.5769171714782715, -0.5477644205093384, 0.3590388894081116, 0.2669776380062103, -0.3881916105747223, 0.15496976673603058, -0.13348881900310516, 0.0, 0.0,]
---
[ -0.1887255609035492, 0.1871912181377411, -0.04756497964262962, 0.04603062570095062, 1.5696443319320679, -1.571178674697876, 0.06597723066806793, -0.15496976673603058, -0.1902599185705185, 0.4280848205089569, 0.7993985414505005, 1.1523000001907349, -0.6674440503120422, 1.1446281671524048, 0.1994660496711731, -0.4557031989097595, 0.1979316920042038, -0.3529014587402344, 0.0, 0.0,]
---
[ -0.1887255609035492, 0.1871912181377411, -0.04756497964262962, 0.04603062570095062, 1.5696443319320679, -1.571178674697876, 0.05370239540934563, -0.15803848206996918, -0.15650412440299988, 0.4357565939426422, 0.8193451166152954, 1.4008653163909912, -0.711940348148346, 1.451499104499817, 0.16417589783668518, -0.4633749723434448, 0.2194126546382904, -0.4127412736415863, 0.0, 0.0,]
---
[ -0.1887255609035492, 0.1871912181377411, -0.04756497964262962, 0.04603062570095062, 1.5696443319320679, -1.571178674697876, 0.050633687525987625, -0.11507656425237656, -0.15496976673603058, 0.32681745290756226, 0.813207745552063, 1.1430938243865967, -0.711940348148346, 1.1231472492218018, 0.16264154016971588, -0.34676405787467957, 0.22708441317081451, -0.32681745290756226, 0.0, 0.0,]
---
[ -0.1887255609035492, 0.1871912181377411, -0.04756497964262962, 0.04603062570095062, 1.5696443319320679, -1.571178674697876, 0.06137416884303093, -0.06751158088445663, -0.1856568604707718, 0.1979316920042038, 0.7779175639152527, 0.8040015697479248, -0.6735814809799194, 0.6567035913467407, 0.1948629766702652, -0.2117408812046051, 0.2240157127380371, -0.1871912181377411, 0.0, 0.0,]
---
[ -0.1887255609035492, 0.1871912181377411, -0.04756497964262962, 0.04603062570095062, 1.5696443319320679, -1.571178674697876, 0.08899254351854324, -0.05523674935102463, -0.2562371492385864, 0.16110719740390778, 0.8484978675842285, 0.8270168900489807, -0.7625740170478821, 0.7027342319488525, 0.27004632353782654, -0.17031331360340118, 0.24856537580490112, -0.2071378231048584, 0.0, 0.0,]
---
[ -0.1887255609035492, 0.1871912181377411, -0.04756497964262962, 0.04603062570095062, 1.5696443319320679, -1.571178674697876, 0.13655751943588257, -0.052168041467666626, -0.3835885524749756, 0.15190106630325317, 1.2965292930603027, 0.8254825472831726, -1.3379569053649902, 0.713474690914154, 0.405069500207901, -0.16110719740390778, 0.3912603259086609, -0.2178782969713211, 0.0, 0.0,]
---
[ -0.1887255609035492, 0.1871912181377411, -0.04756497964262962, 0.04603062570095062, 1.5696443319320679, -1.571178674697876, 0.16110719740390778, -0.06137416884303093, -0.441893994808197, 0.17338202893733978, 1.3885905742645264, 0.8024672269821167, -1.426949381828308, 0.6873906850814819, 0.46797803044319153, -0.1856568604707718, 0.3989320993423462, -0.2178782969713211, 0.0, 0.0,]
---
[ -0.1887255609035492, 0.1871912181377411, -0.04756497964262962, 0.04603062570095062, 1.5696443319320679, -1.571178674697876, 0.13962623476982117, -0.07825206220149994, -0.3897259533405304, 0.2255500704050064, 1.0218799114227295, 0.7395586967468262, -0.9405590891838074, 0.6045355796813965, 0.4112069308757782, -0.23935925960540771, 0.27004632353782654, -0.2010003924369812, 0.0, 0.0,]
---
[ -0.1887255609035492, 0.1871912181377411, -0.04756497964262962, 0.04603062570095062, 1.5696443319320679, -1.571178674697876, 0.11354220658540726, -0.11047349870204926, -0.32374873757362366, 0.30840519070625305, 0.5707797408103943, 0.5707797408103943, -0.30380213260650635, 0.3590388894081116, 0.34062662720680237, -0.32835179567337036, 0.07518335431814194, -0.13348881900310516, 0.0, 0.0,]
---
[ -0.1887255609035492, 0.1871912181377411, -0.04756497964262962, 0.04603062570095062, 1.5696443319320679, -1.571178674697876, 0.08132077008485794, -0.13348881900310516, -0.23935925960540771, 0.3759167790412903, 0.7472304701805115, 0.6950624585151672, -0.5799858570098877, 0.5247491598129272, 0.2516340911388397, -0.3989320993423462, 0.16724461317062378, -0.1825881451368332, 0.0, 0.0,]
---
[ -0.1887255609035492, 0.1871912181377411, -0.04756497964262962, 0.04603062570095062, 1.5696443319320679, -1.571178674697876, 0.05983981490135193, -0.16110719740390778, -0.1795194447040558, 0.4434283673763275, 0.8070703148841858, 1.2643078565597534, -0.684321939945221, 1.2857887744903564, 0.1871912181377411, -0.4710467457771301, 0.2056034654378891, -0.3851228952407837, 0.0, 0.0,]
---
[ -0.1887255609035492, 0.1871912181377411, -0.04756497964262962, 0.04603062570095062, 1.5696443319320679, -1.571178674697876, 0.052168041467666626, -0.15190106630325317, -0.15343542397022247, 0.4219473898410797, 0.8208795189857483, 1.3855218887329102, -0.713474690914154, 1.4315524101257324, 0.16110719740390778, -0.4480314254760742, 0.2209469974040985, -0.4066038727760315, 0.0, 0.0,]
---
[ -0.1887255609035492, 0.1871912181377411, -0.04756497964262962, 0.04603062570095062, 1.5696443319320679, -1.571178674697876, 0.05370239540934563, -0.10126737505197525, -0.15957283973693848, 0.29152730107307434, 0.8086046576499939, 1.028017282485962, -0.7073372602462769, 0.9697118401527405, 0.16724461317062378, -0.30993953347206116, 0.22708441317081451, -0.28385552763938904, 0.0, 0.0,]
---
[ -0.1887255609035492, 0.1871912181377411, -0.04756497964262962, 0.04603062570095062, 1.5696443319320679, -1.571178674697876, 0.06290852278470993, -0.06597723066806793, -0.1902599185705185, 0.1887255609035492, 0.7733145356178284, 0.810139000415802, -0.6674440503120422, 0.6659097075462341, 0.1994660496711731, -0.2010003924369812, 0.2240157127380371, -0.1887255609035492, 0.0, 0.0,]
---
[ -0.1887255609035492, 0.1871912181377411, -0.04756497964262962, 0.04603062570095062, 1.5696443319320679, -1.571178674697876, 0.09973302483558655, -0.05523674935102463, -0.28692424297332764, 0.15496976673603058, 0.9605057239532471, 0.8300856351852417, -0.911406397819519, 0.7088716626167297, 0.30226778984069824, -0.16571025550365448, 0.28999292850494385, -0.2102065235376358, 0.0, 0.0,]
---
[ -0.1887255609035492, 0.1871912181377411, -0.04756497964262962, 0.04603062570095062, 1.5696443319320679, -1.571178674697876, 0.14422929286956787, -0.052168041467666626, -0.4020007848739624, 0.15343542397022247, 1.348697304725647, 0.8239482045173645, -1.397796630859375, 0.7104060053825378, 0.4250161051750183, -0.16417589783668518, 0.4020007848739624, -0.2194126546382904, 0.0, 0.0,]
---
[ -0.1887255609035492, 0.1871912181377411, -0.04756497964262962, 0.04603062570095062, 1.5696443319320679, -1.571178674697876, 0.15957283973693848, -0.06444287300109863, -0.4388253092765808, 0.1810537874698639, 1.350231647491455, 0.7947954535484314, -1.37785005569458, 0.6766502261161804, 0.4633749723434448, -0.1933286339044571, 0.3866572678089142, -0.2163439393043518, 0.0, 0.0,]
---
[ -0.1887255609035492, 0.1871912181377411, -0.04756497964262962, 0.04603062570095062, 1.5696443319320679, -1.571178674697876, 0.13348881900310516, -0.08285512775182724, -0.3759167790412903, 0.23782490193843842, 0.9252156019210815, 0.7211464643478394, -0.8070703148841858, 0.5784515142440796, 0.3958633840084076, -0.2531684339046478, 0.2316874861717224, -0.1933286339044571, 0.0, 0.0,]
---
[ -0.1887255609035492, 0.1871912181377411, -0.04756497964262962, 0.04603062570095062, 1.5696443319320679, -1.571178674697876, 0.11047349870204926, -0.11354220658540726, -0.31914567947387695, 0.31761130690574646, 0.5784515142440796, 0.5400926470756531, -0.31454262137413025, 0.31300824880599976, 0.33602356910705566, -0.33755791187286377, 0.07825206220149994, -0.11967962980270386, 0.0, 0.0,]
---
[ -0.1887255609035492, 0.1871912181377411, -0.04756497964262962, 0.04603062570095062, 1.5696443319320679, -1.571178674697876, 0.07978641986846924, -0.13655751943588257, -0.2332218438386917, 0.380519837141037, 0.7549022436141968, 0.7518335580825806, -0.5937950611114502, 0.6045355796813965, 0.24549667537212372, -0.405069500207901, 0.17031331360340118, -0.2071378231048584, 0.0, 0.0,]
---
[ -0.1887255609035492, 0.1871912181377411, -0.04756497964262962, 0.04603062570095062, 1.5696443319320679, -1.571178674697876, 0.05983981490135193, -0.16264154016971588, -0.1749163717031479, 0.4464970827102661, 0.810139000415802, 1.2949949502944946, -0.68892502784729, 1.3241477012634277, 0.1841225028038025, -0.47411543130874634, 0.2071378231048584, -0.392794668674469, 0.0, 0.0,]
---
[ -0.1887255609035492, 0.1871912181377411, -0.04756497964262962, 0.04603062570095062, 1.5696443319320679, -1.571178674697876, 0.050633687525987625, -0.14883235096931458, -0.15343542397022247, 0.4127412736415863, 0.8193451166152954, 1.3701783418655396, -0.7150090336799622, 1.4146745204925537, 0.15957283973693848, -0.4388253092765808, 0.2224813550710678, -0.4020007848739624, 0.0, 0.0,]
---
[ -0.1887255609035492, 0.1871912181377411, -0.04756497964262962, 0.04603062570095062, 1.5696443319320679, -1.571178674697876, 0.05370239540934563, -0.10126737505197525, -0.15957283973693848, 0.29152730107307434, 0.8086046576499939, 1.028017282485962, -0.7073372602462769, 0.9697118401527405, 0.16724461317062378, -0.30993953347206116, 0.22708441317081451, -0.28385552763938904, 0.0, 0.0,]
---
[ -0.1887255609035492, 0.1871912181377411, -0.04756497964262962, 0.04603062570095062, 1.5696443319320679, -1.571178674697876, 0.06290852278470993, -0.06597723066806793, -0.1902599185705185, 0.1887255609035492, 0.7733145356178284, 0.810139000415802, -0.6674440503120422, 0.6659097075462341, 0.1994660496711731, -0.2010003924369812, 0.2240157127380371, -0.1887255609035492, 0.0, 0.0,]
---
[ -0.1887255609035492, 0.1871912181377411, -0.04756497964262962, 0.04603062570095062, 1.5696443319320679, -1.571178674697876, 0.09666431695222855, -0.05370239540934563, -0.27618375420570374, 0.15650412440299988, 0.9206125140190125, 0.8285512924194336, -0.85923832654953, 0.7073372602462769, 0.28999292850494385, -0.16724461317062378, 0.27464941143989563, -0.2102065235376358, 0.0, 0.0,]
---
[ -0.1887255609035492, 0.1871912181377411, -0.04756497964262962, 0.04603062570095062, 1.5696443319320679, -1.571178674697876, 0.14116059243679047, -0.05370239540934563, -0.392794668674469, 0.15190106630325317, 1.3241477012634277, 0.8254825472831726, -1.3701783418655396, 0.711940348148346, 0.4158099889755249, -0.16264154016971588, 0.3973977267742157, -0.2178782969713211, 0.0, 0.0,]
---
[ -0.1887255609035492, 0.1871912181377411, -0.04756497964262962, 0.04603062570095062, 1.5696443319320679, -1.571178674697876, 0.15957283973693848, -0.06444287300109863, -0.4388253092765808, 0.1810537874698639, 1.350231647491455, 0.7947954535484314, -1.37785005569458, 0.6766502261161804, 0.4633749723434448, -0.1933286339044571, 0.3866572678089142, -0.2163439393043518, 0.0, 0.0,]
---
[ -0.1887255609035492, 0.1871912181377411, -0.04756497964262962, 0.04603062570095062, 1.5696443319320679, -1.571178674697876, 0.13348881900310516, -0.08285512775182724, -0.3759167790412903, 0.23782490193843842, 0.9252156019210815, 0.7211464643478394, -0.8070703148841858, 0.5784515142440796, 0.3958633840084076, -0.2531684339046478, 0.2316874861717224, -0.1933286339044571, 0.0, 0.0,]
---
[ -0.1887255609035492, 0.1871912181377411, -0.04756497964262962, 0.04603062570095062, 1.5696443319320679, -1.571178674697876, 0.11047349870204926, -0.11354220658540726, -0.31914567947387695, 0.31761130690574646, 0.5784515142440796, 0.5400926470756531, -0.31454262137413025, 0.31300824880599976, 0.33602356910705566, -0.33755791187286377, 0.07825206220149994, -0.11967962980270386, 0.0, 0.0,]
---
[ -0.1887255609035492, 0.1871912181377411, -0.04756497964262962, 0.04603062570095062, 1.5696443319320679, -1.571178674697876, 0.07671771198511124, -0.13809187710285187, -0.22708441317081451, 0.3866572678089142, 0.7625740170478821, 0.8070703148841858, -0.6060699224472046, 0.6827875971794128, 0.23782490193843842, -0.4112069308757782, 0.1764507293701172, -0.2301531285047531, 0.0, 0.0,]
---
[ -0.1887255609035492, 0.1871912181377411, -0.04756497964262962, 0.04603062570095062, 1.5696443319320679, -1.571178674697876, 0.05677110329270363, -0.16417589783668518, -0.17184767127037048, 0.4480314254760742, 0.8116733431816101, 1.3226133584976196, -0.6919937133789062, 1.3579034805297852, 0.1795194447040558, -0.47718414664268494, 0.2102065235376358, -0.3989320993423462, 0.0, 0.0,]
---
[ -0.1887255609035492, 0.1871912181377411, -0.04756497964262962, 0.04603062570095062, 1.5696443319320679, -1.571178674697876, 0.052168041467666626, -0.14576365053653717, -0.15190106630325317, 0.4035351574420929, 0.8193451166152954, 1.3533004522323608, -0.7150090336799622, 1.3916592597961426, 0.15957283973693848, -0.429619163274765, 0.2224813550710678, -0.3958633840084076, 0.0, 0.0,]
---
[ -0.1887255609035492, 0.1871912181377411, -0.04756497964262962, 0.04603062570095062, 1.5696443319320679, -1.571178674697876, 0.05523674935102463, -0.09359560906887054, -0.16417589783668518, 0.26851198077201843, 0.8040015697479248, 0.9528339505195618, -0.7027342319488525, 0.8669100999832153, 0.17184767127037048, -0.28538987040519714, 0.22708441317081451, -0.2531684339046478, 0.0, 0.0,]
---
[ -0.1887255609035492, 0.1871912181377411, -0.04756497964262962, 0.04603062570095062, 1.5696443319320679, -1.571178674697876, 0.06597723066806793, -0.06444287300109863, -0.1979316920042038, 0.1810537874698639, 0.7641083598136902, 0.8162764310836792, -0.6551692485809326, 0.6766502261161804, 0.2086721658706665, -0.1917942762374878, 0.2209469974040985, -0.1933286339044571, 0.0, 0.0,]
---
[ -0.1887255609035492, 0.1871912181377411, -0.04756497964262962, 0.04603062570095062, 1.5696443319320679, -1.571178674697876, 0.10740479081869125, -0.05370239540934563, -0.30840519070625305, 0.15190106630325317, 1.0418264865875244, 0.8300856351852417, -1.0172768831253052, 0.711940348148346, 0.32374873757362366, -0.16264154016971588, 0.31761130690574646, -0.2132752388715744, 0.0, 0.0,]
---
[ -0.1887255609035492, 0.1871912181377411, -0.04756497964262962, 0.04603062570095062, 1.5696443319320679, -1.571178674697876, 0.15036670863628387, -0.05370239540934563, -0.4188787043094635, 0.15650412440299988, 1.3870562314987183, 0.8193451166152954, -1.4392242431640625, 0.7073372602462769, 0.441893994808197, -0.16724461317062378, 0.4081382155418396, -0.2194126546382904, 0.0, 0.0,]
---
[ -0.1887255609035492, 0.1871912181377411, -0.04756497964262962, 0.04603062570095062, 1.5696443319320679, -1.571178674697876, 0.15496976673603058, -0.06597723066806793, -0.4265504777431488, 0.1933286339044571, 1.2658421993255615, 0.7794519066810608, -1.2673765420913696, 0.6597722768783569, 0.4511001408100128, -0.2056034654378891, 0.3590388894081116, -0.2132752388715744, 0.0, 0.0,]
---
[ -0.1887255609035492, 0.1871912181377411, -0.04756497964262962, 0.04603062570095062, 1.5696443319320679, -1.571178674697876, 0.12581704556941986, -0.09206125140190125, -0.355970174074173, 0.259305864572525, 0.7763832211494446, 0.6858563423156738, -0.5983981490135193, 0.5278178453445435, 0.3759167790412903, -0.27618375420570374, 0.16877895593643188, -0.1810537874698639, 0.0, 0.0,]
---
[ -0.1887255609035492, 0.1871912181377411, -0.04756497964262962, 0.04603062570095062, 1.5696443319320679, -1.571178674697876, 0.09666431695222855, -0.12274833768606186, -0.28385552763938904, 0.34829840064048767, 0.6735814809799194, 0.32528308033943176, -0.46184059977531433, 0.0, 0.29919907450675964, -0.3697793483734131, 0.12581704556941986, -0.02301531285047531, 0.0, 0.0,]
---
[ -0.1887255609035492, 0.1871912181377411, -0.04756497964262962, 0.04603062570095062, 1.5696443319320679, -1.571178674697876, 0.07211464643478394, -0.14576365053653717, -0.2102065235376358, 0.405069500207901, 0.7809863090515137, 0.9666431546211243, -0.6367570161819458, 0.9006659388542175, 0.2194126546382904, -0.4311535358428955, 0.1871912181377411, -0.28999292850494385, 0.0, 0.0,]
---
[ -0.1887255609035492, 0.1871912181377411, -0.04756497964262962, 0.04603062570095062, 1.5696443319320679, -1.571178674697876, 0.05523674935102463, -0.16417589783668518, -0.16417589783668518, 0.4495657682418823, 0.8162764310836792, 1.3809187412261963, -0.7027342319488525, 1.4284837245941162, 0.17184767127037048, -0.47871851921081543, 0.2148095816373825, -0.4112069308757782, 0.0, 0.0,]
---
[ -0.1887255609035492, 0.1871912181377411, -0.04756497964262962, 0.04603062570095062, 1.5696443319320679, -1.571178674697876, 0.050633687525987625, -0.13195446133613586, -0.15190106630325317, 0.3728480637073517, 0.8178107738494873, 1.278117060661316, -0.7150090336799622, 1.299597978591919, 0.15957283973693848, -0.3958633840084076, 0.2255500704050064, -0.3728480637073517, 0.0, 0.0,]
---
[ -0.1887255609035492, 0.1871912181377411, -0.04756497964262962, 0.04603062570095062, 1.5696443319320679, -1.571178674697876, 0.05677110329270363, -0.08132077008485794, -0.17184767127037048, 0.23782490193843842, 0.7947954535484314, 0.8577039837837219, -0.6919937133789062, 0.7334213256835938, 0.1795194447040558, -0.2531684339046478, 0.22708441317081451, -0.2132752388715744, 0.0, 0.0,]
---
[ -0.1887255609035492, 0.1871912181377411, -0.04756497964262962, 0.04603062570095062, 1.5696443319320679, -1.571178674697876, 0.07518335431814194, -0.05830546095967293, -0.2194126546382904, 0.17031331360340118, 0.7595053315162659, 0.8224138617515564, -0.6444287896156311, 0.6904593706130981, 0.2301531285047531, -0.1810537874698639, 0.2178782969713211, -0.2010003924369812, 0.0, 0.0,]
---
[ -0.1887255609035492, 0.1871912181377411, -0.04756497964262962, 0.04603062570095062, 1.5696443319320679, -1.571178674697876, 0.11967962980270386, -0.052168041467666626, -0.34062662720680237, 0.15036670863628387, 1.161506175994873, 0.8285512924194336, -1.1707122325897217, 0.713474690914154, 0.3590388894081116, -0.16110719740390778, 0.35443583130836487, -0.2163439393043518, 0.0, 0.0,]
---
[ -0.1887255609035492, 0.1871912181377411, -0.04756497964262962, 0.04603062570095062, 1.5696443319320679, -1.571178674697876, 0.15803848206996918, -0.05677110329270363, -0.4357565939426422, 0.16264154016971588, 1.4131401777267456, 0.813207745552063, -1.4653083086013794, 0.7011998891830444, 0.4603062570095062, -0.17338202893733978, 0.4112069308757782, -0.2194126546382904, 0.0, 0.0,]
---
[ -0.1887255609035492, 0.1871912181377411, -0.04756497964262962, 0.04603062570095062, 1.5696443319320679, -1.571178674697876, 0.14729800820350647, -0.07364900410175323, -0.4096725583076477, 0.2086721658706665, 1.153834342956543, 0.7625740170478821, -1.1200785636901855, 0.6352226138114929, 0.4326878786087036, -0.2209469974040985, 0.32068002223968506, -0.2071378231048584, 0.0, 0.0,]
---
[ -0.1887255609035492, 0.1871912181377411, -0.04756497964262962, 0.04603062570095062, 1.5696443319320679, -1.571178674697876, 0.11967962980270386, -0.09819866716861725, -0.33909228444099426, 0.28232118487358093, 0.639825701713562, 0.6382913589477539, -0.4020007848739624, 0.4603062570095062, 0.3575045168399811, -0.30073341727256775, 0.10740479081869125, -0.16264154016971588, 0.0, 0.0,]
---
[ -0.1887255609035492, 0.1871912181377411, -0.04756497964262962, 0.04603062570095062, 1.5696443319320679, -1.571178674697876, 0.09052689373493195, -0.12735140323638916, -0.26084020733833313, 0.3605732321739197, 0.716543436050415, 0.5170773863792419, -0.5293521881103516, 0.27464941143989563, 0.27464941143989563, -0.3820541799068451, 0.14883235096931458, -0.10740479081869125, 0.0, 0.0,]
---
[ -0.1887255609035492, 0.1871912181377411, -0.04756497964262962, 0.04603062570095062, 1.5696443319320679, -1.571178674697876, 0.06597723066806793, -0.15496976673603058, -0.1902599185705185, 0.4280848205089569, 0.7993985414505005, 1.1523000001907349, -0.6674440503120422, 1.1446281671524048, 0.1994660496711731, -0.4557031989097595, 0.1979316920042038, -0.3529014587402344, 0.0, 0.0,]
---
[ -0.1887255609035492, 0.1871912181377411, -0.04756497964262962, 0.04603062570095062, 1.5696443319320679, -1.571178674697876, 0.052168041467666626, -0.16110719740390778, -0.15803848206996918, 0.4403596520423889, 0.8193451166152954, 1.4023997783660889, -0.7088716626167297, 1.453033447265625, 0.16571025550365448, -0.46951237320899963, 0.2178782969713211, -0.4142756462097168, 0.0, 0.0,]
---
[ -0.1887255609035492, 0.1871912181377411, -0.04756497964262962, 0.04603062570095062, 1.5696443319320679, -1.571178674697876, 0.050633687525987625, -0.11507656425237656, -0.15496976673603058, 0.32681745290756226, 0.813207745552063, 1.1430938243865967, -0.711940348148346, 1.1231472492218018, 0.16264154016971588, -0.34676405787467957, 0.22708441317081451, -0.32681745290756226, 0.0, 0.0,]
---
[ -0.1887255609035492, 0.1871912181377411, -0.04756497964262962, 0.04603062570095062, 1.5696443319320679, -1.571178674697876, 0.06290852278470993, -0.07211464643478394, -0.1825881451368332, 0.2086721658706665, 0.7825206518173218, 0.8055359721183777, -0.6781845688819885, 0.6613066792488098, 0.1902599185705185, -0.2209469974040985, 0.2255500704050064, -0.1902599185705185, 0.0, 0.0,]
---
[ -0.1887255609035492, 0.1871912181377411, -0.04756497964262962, 0.04603062570095062, 1.5696443319320679, -1.571178674697876, 0.08899254351854324, -0.05523674935102463, -0.2562371492385864, 0.16110719740390778, 0.8484978675842285, 0.8270168900489807, -0.7625740170478821, 0.7027342319488525, 0.27004632353782654, -0.17031331360340118, 0.24856537580490112, -0.2071378231048584, 0.0, 0.0,]
---
[ -0.1887255609035492, 0.1871912181377411, -0.04756497964262962, 0.04603062570095062, 1.5696443319320679, -1.571178674697876, 0.13348881900310516, -0.05370239540934563, -0.3728480637073517, 0.15036670863628387, 1.2673765420913696, 0.8270168900489807, -1.301132321357727, 0.713474690914154, 0.3943290412425995, -0.16110719740390778, 0.3835885524749756, -0.2178782969713211, 0.0, 0.0,]
---
[ -0.1887255609035492, 0.1871912181377411, -0.04756497964262962, 0.04603062570095062, 1.5696443319320679, -1.571178674697876, 0.16110719740390778, -0.06137416884303093, -0.441893994808197, 0.17338202893733978, 1.3885905742645264, 0.8024672269821167, -1.426949381828308, 0.6873906850814819, 0.46797803044319153, -0.1856568604707718, 0.3989320993423462, -0.2178782969713211, 0.0, 0.0,]
---
[ -0.1887255609035492, 0.1871912181377411, -0.04756497964262962, 0.04603062570095062, 1.5696443319320679, -1.571178674697876, 0.13962623476982117, -0.07825206220149994, -0.3897259533405304, 0.2255500704050064, 1.0218799114227295, 0.7395586967468262, -0.9405590891838074, 0.6045355796813965, 0.4112069308757782, -0.23935925960540771, 0.27004632353782654, -0.2010003924369812, 0.0, 0.0,]
---
[ -0.1887255609035492, 0.1871912181377411, -0.04756497964262962, 0.04603062570095062, 1.5696443319320679, -1.571178674697876, 0.06597723066806793, -0.06290852278470993, -0.1963973343372345, 0.1825881451368332, 0.7871236801147461, 0.7978641986846924, -0.6597722768783569, 0.6751158237457275, 0.2056034654378891, -0.1948629766702652, 0.2025347501039505, -0.2102065235376358, 0.0, 0.0,]
---
[ -0.1887255609035492, 0.1871912181377411, -0.04756497964262962, 0.04603062570095062, 1.5696443319320679, -1.571178674697876, 0.06597723066806793, -0.06290852278470993, -0.1963973343372345, 0.1825881451368332, 0.7871236801147461, 0.7978641986846924, -0.6597722768783569, 0.6751158237457275, 0.2056034654378891, -0.1948629766702652, 0.2025347501039505, -0.2102065235376358, 0.0, 0.0,]
---
[ -0.1887255609035492, 0.1871912181377411, -0.04756497964262962, 0.04603062570095062, 1.5696443319320679, -1.571178674697876, 0.06597723066806793, -0.06290852278470993, -0.1963973343372345, 0.1825881451368332, 0.7871236801147461, 0.7978641986846924, -0.6597722768783569, 0.6751158237457275, 0.2056034654378891, -0.1948629766702652, 0.2025347501039505, -0.2102065235376358, 0.0, 0.0,]
---
[ -0.1887255609035492, 0.1871912181377411, -0.04756497964262962, 0.04603062570095062, 1.5696443319320679, -1.571178674697876, 0.06597723066806793, -0.06290852278470993, -0.1963973343372345, 0.1825881451368332, 0.7871236801147461, 0.7978641986846924, -0.6597722768783569, 0.6751158237457275, 0.2056034654378891, -0.1948629766702652, 0.2025347501039505, -0.2102065235376358, 0.0, 0.0,]
---
[ -0.1887255609035492, 0.1871912181377411, -0.04756497964262962, 0.04603062570095062, 1.5696443319320679, -1.571178674697876, 0.06597723066806793, -0.06290852278470993, -0.1963973343372345, 0.1825881451368332, 0.7871236801147461, 0.7978641986846924, -0.6597722768783569, 0.6751158237457275, 0.2056034654378891, -0.1948629766702652, 0.2025347501039505, -0.2102065235376358, 0.0, 0.0,]
---
[ -0.1887255609035492, 0.1871912181377411, -0.04756497964262962, 0.04603062570095062, 1.5696443319320679, -1.571178674697876, 0.06597723066806793, -0.06290852278470993, -0.1963973343372345, 0.1825881451368332, 0.7871236801147461, 0.7978641986846924, -0.6597722768783569, 0.6751158237457275, 0.2056034654378891, -0.1948629766702652, 0.2025347501039505, -0.2102065235376358, 0.0, 0.0,]
---
[ -0.1887255609035492, 0.1871912181377411, -0.04756497964262962, 0.04603062570095062, 1.5696443319320679, -1.571178674697876, 0.10740479081869125, -0.05370239540934563, -0.30840519070625305, 0.15190106630325317, 1.0418264865875244, 0.8300856351852417, -1.0172768831253052, 0.711940348148346, 0.32374873757362366, -0.16264154016971588, 0.31761130690574646, -0.2132752388715744, 0.0, 0.0,]
---
[ -0.1887255609035492, 0.1871912181377411, -0.04756497964262962, 0.04603062570095062, 1.5696443319320679, -1.571178674697876, 0.15343542397022247, -0.05677110329270363, -0.4250161051750183, 0.15803848206996918, 1.399330973625183, 0.8178107738494873, -1.453033447265625, 0.7058029174804688, 0.4495657682418823, -0.16877895593643188, 0.4096725583076477, -0.2194126546382904, 0.0, 0.0,]
---
[ -0.1887255609035492, 0.1871912181377411, -0.04756497964262962, 0.04603062570095062, 1.5696443319320679, -1.571178674697876, 0.15496976673603058, -0.06597723066806793, -0.4265504777431488, 0.1933286339044571, 1.2658421993255615, 0.7794519066810608, -1.2673765420913696, 0.6597722768783569, 0.4511001408100128, -0.2056034654378891, 0.3590388894081116, -0.2132752388715744, 0.0, 0.0,]
---
[ -0.1887255609035492, 0.1871912181377411, -0.04756497964262962, 0.04603062570095062, 1.5696443319320679, -1.571178674697876, 0.12428268790245056, -0.09206125140190125, -0.3498327434062958, 0.2669776380062103, 0.7272838950157166, 0.6720471382141113, -0.5293521881103516, 0.5078712105751038, 0.3697793483734131, -0.28385552763938904, 0.14729800820350647, -0.1749163717031479, 0.0, 0.0,]
---
[ -0.1887255609035492, 0.1871912181377411, -0.04756497964262962, 0.04603062570095062, 1.5696443319320679, -1.571178674697876, 0.09666431695222855, -0.12274833768606186, -0.28385552763938904, 0.34829840064048767, 0.6735814809799194, 0.32528308033943176, -0.46184059977531433, 0.0, 0.29919907450675964, -0.3697793483734131, 0.12581704556941986, -0.02301531285047531, 0.0, 0.0,]
---
[ -0.1887255609035492, 0.1871912181377411, -0.04756497964262962, 0.04603062570095062, 1.5696443319320679, -1.571178674697876, 0.06904593855142593, -0.14883235096931458, -0.2056034654378891, 0.4112069308757782, 0.785589337348938, 1.0172768831253052, -0.6459631323814392, 0.9666431546211243, 0.2148095816373825, -0.4372909367084503, 0.1902599185705185, -0.30840519070625305, 0.0, 0.0,]
---
[ -0.1887255609035492, 0.1871912181377411, -0.04756497964262962, 0.04603062570095062, 1.5696443319320679, -1.571178674697876, 0.05370239540934563, -0.16417589783668518, -0.16264154016971588, 0.4480314254760742, 0.8178107738494873, 1.3931936025619507, -0.7058029174804688, 1.4422929286956787, 0.16877895593643188, -0.47718414664268494, 0.2163439393043518, -0.4142756462097168, 0.0, 0.0,]
---
[ -0.1887255609035492, 0.1871912181377411, -0.04756497964262962, 0.04603062570095062, 1.5696443319320679, -1.571178674697876, 0.052168041467666626, -0.12888574600219727, -0.15190106630325317, 0.3605732321739197, 0.8178107738494873, 1.2474299669265747, -0.7150090336799622, 1.259704828262329, 0.15957283973693848, -0.3835885524749756, 0.2255500704050064, -0.3621075749397278, 0.0, 0.0,]
---
[ -0.1887255609035492, 0.1871912181377411, -0.04756497964262962, 0.04603062570095062, 1.5696443319320679, -1.571178674697876, 0.05677110329270363, -0.08132077008485794, -0.17184767127037048, 0.23782490193843842, 0.7947954535484314, 0.8577039837837219, -0.6919937133789062, 0.7334213256835938, 0.1795194447040558, -0.2531684339046478, 0.22708441317081451, -0.2132752388715744, 0.0, 0.0,]
---
[ -0.1887255609035492, 0.1871912181377411, -0.04756497964262962, 0.04603062570095062, 1.5696443319320679, -1.571178674697876, 0.07825206220149994, -0.05983981490135193, -0.2286187708377838, 0.16724461317062378, 0.7717801332473755, 0.8239482045173645, -0.6613066792488098, 0.6950624585151672, 0.23935925960540771, -0.1779850870370865, 0.2209469974040985, -0.2025347501039505, 0.0, 0.0,]
---
[ -0.1887255609035492, 0.1871912181377411, -0.04756497964262962, 0.04603062570095062, 1.5696443319320679, -1.571178674697876, 0.11967962980270386, -0.052168041467666626, -0.34062662720680237, 0.15036670863628387, 1.161506175994873, 0.8285512924194336, -1.1707122325897217, 0.713474690914154, 0.3590388894081116, -0.16110719740390778, 0.35443583130836487, -0.2163439393043518, 0.0, 0.0,]
---
[ -0.1887255609035492, 0.1871912181377411, -0.04756497964262962, 0.04603062570095062, 1.5696443319320679, -1.571178674697876, 0.15957283973693848, -0.05677110329270363, -0.4388253092765808, 0.16571025550365448, 1.4131401777267456, 0.810139000415802, -1.4622395038604736, 0.6981311440467834, 0.4633749723434448, -0.1764507293701172, 0.4096725583076477, -0.2194126546382904, 0.0, 0.0,]
---
[ -0.1887255609035492, 0.1871912181377411, -0.04756497964262962, 0.04603062570095062, 1.5696443319320679, -1.571178674697876, 0.14422929286956787, -0.07364900410175323, -0.4020007848739624, 0.2148095816373825, 1.1124067306518555, 0.7549022436141968, -1.0633074045181274, 0.6260164976119995, 0.4250161051750183, -0.22708441317081451, 0.30533647537231445, -0.2056034654378891, 0.0, 0.0,]
---
[ -0.1887255609035492, 0.1871912181377411, -0.04756497964262962, 0.04603062570095062, 1.5696443319320679, -1.571178674697876, 0.11814527213573456, -0.10433608293533325, -0.33295485377311707, 0.28999292850494385, 0.6045355796813965, 0.6198790669441223, -0.35136711597442627, 0.4311535358428955, 0.35136711597442627, -0.30993953347206116, 0.09052689373493195, -0.15343542397022247, 0.0, 0.0,]
---
[ -0.1887255609035492, 0.1871912181377411, -0.04756497964262962, 0.04603062570095062, 1.5696443319320679, -1.571178674697876, 0.08592383563518524, -0.13042010366916656, -0.2531684339046478, 0.3651762902736664, 0.7272838950157166, 0.5769171714782715, -0.5477644205093384, 0.3590388894081116, 0.2669776380062103, -0.3881916105747223, 0.15496976673603058, -0.13348881900310516, 0.0, 0.0,]
---
[ -0.1887255609035492, 0.1871912181377411, -0.04756497964262962, 0.04603062570095062, 1.5696443319320679, -1.571178674697876, 0.06597723066806793, -0.15496976673603058, -0.1902599185705185, 0.4280848205089569, 0.7993985414505005, 1.1523000001907349, -0.6674440503120422, 1.1446281671524048, 0.1994660496711731, -0.4557031989097595, 0.1979316920042038, -0.3529014587402344, 0.0, 0.0,]
---
[ -0.1887255609035492, 0.1871912181377411, -0.04756497964262962, 0.04603062570095062, 1.5696443319320679, -1.571178674697876, 0.05370239540934563, -0.15803848206996918, -0.15650412440299988, 0.4357565939426422, 0.8193451166152954, 1.4008653163909912, -0.711940348148346, 1.451499104499817, 0.16417589783668518, -0.4633749723434448, 0.2194126546382904, -0.4127412736415863, 0.0, 0.0,]
---
[ -0.1887255609035492, 0.1871912181377411, -0.04756497964262962, 0.04603062570095062, 1.5696443319320679, -1.571178674697876, 0.050633687525987625, -0.11507656425237656, -0.15496976673603058, 0.32681745290756226, 0.813207745552063, 1.1430938243865967, -0.711940348148346, 1.1231472492218018, 0.16264154016971588, -0.34676405787467957, 0.22708441317081451, -0.32681745290756226, 0.0, 0.0,]
---
[ -0.1887255609035492, 0.1871912181377411, -0.04756497964262962, 0.04603062570095062, 1.5696443319320679, -1.571178674697876, 0.06137416884303093, -0.06751158088445663, -0.1856568604707718, 0.1979316920042038, 0.7779175639152527, 0.8040015697479248, -0.6735814809799194, 0.6567035913467407, 0.1948629766702652, -0.2117408812046051, 0.2240157127380371, -0.1871912181377411, 0.0, 0.0,]
---
[ -0.1887255609035492, 0.1871912181377411, -0.04756497964262962, 0.04603062570095062, 1.5696443319320679, -1.571178674697876, 0.08899254351854324, -0.05523674935102463, -0.2562371492385864, 0.16110719740390778, 0.8484978675842285, 0.8270168900489807, -0.7625740170478821, 0.7027342319488525, 0.27004632353782654, -0.17031331360340118, 0.24856537580490112, -0.2071378231048584, 0.0, 0.0,]
---
[ -0.1887255609035492, 0.1871912181377411, -0.04756497964262962, 0.04603062570095062, 1.5696443319320679, -1.571178674697876, 0.13655751943588257, -0.052168041467666626, -0.3835885524749756, 0.15190106630325317, 1.2965292930603027, 0.8254825472831726, -1.3379569053649902, 0.713474690914154, 0.405069500207901, -0.16110719740390778, 0.3912603259086609, -0.2178782969713211, 0.0, 0.0,]
---
[ -0.1887255609035492, 0.1871912181377411, -0.04756497964262962, 0.04603062570095062, 1.5696443319320679, -1.571178674697876, 0.16110719740390778, -0.06137416884303093, -0.441893994808197, 0.17338202893733978, 1.3885905742645264, 0.8024672269821167, -1.426949381828308, 0.6873906850814819, 0.46797803044319153, -0.1856568604707718, 0.3989320993423462, -0.2178782969713211, 0.0, 0.0,]
---
[ -0.1887255609035492, 0.1871912181377411, -0.04756497964262962, 0.04603062570095062, 1.5696443319320679, -1.571178674697876, 0.13962623476982117, -0.07825206220149994, -0.3897259533405304, 0.2255500704050064, 1.0218799114227295, 0.7395586967468262, -0.9405590891838074, 0.6045355796813965, 0.4112069308757782, -0.23935925960540771, 0.27004632353782654, -0.2010003924369812, 0.0, 0.0,]
---
[ -0.1887255609035492, 0.1871912181377411, -0.04756497964262962, 0.04603062570095062, 1.5696443319320679, -1.571178674697876, 0.11354220658540726, -0.11047349870204926, -0.32374873757362366, 0.30840519070625305, 0.5707797408103943, 0.5707797408103943, -0.30380213260650635, 0.3590388894081116, 0.34062662720680237, -0.32835179567337036, 0.07518335431814194, -0.13348881900310516, 0.0, 0.0,]
---
[ -0.1887255609035492, 0.1871912181377411, -0.04756497964262962, 0.04603062570095062, 1.5696443319320679, -1.571178674697876, 0.08132077008485794, -0.13348881900310516, -0.23935925960540771, 0.3759167790412903, 0.7472304701805115, 0.6950624585151672, -0.5799858570098877, 0.5247491598129272, 0.2516340911388397, -0.3989320993423462, 0.16724461317062378, -0.1825881451368332, 0.0, 0.0,]
---
[ -0.1887255609035492, 0.1871912181377411, -0.04756497964262962, 0.04603062570095062, 1.5696443319320679, -1.571178674697876, 0.05983981490135193, -0.16110719740390778, -0.1795194447040558, 0.4434283673763275, 0.8070703148841858, 1.2643078565597534, -0.684321939945221, 1.2857887744903564, 0.1871912181377411, -0.4710467457771301, 0.2056034654378891, -0.3851228952407837, 0.0, 0.0,]
---
[ -0.1887255609035492, 0.1871912181377411, -0.04756497964262962, 0.04603062570095062, 1.5696443319320679, -1.571178674697876, 0.052168041467666626, -0.15190106630325317, -0.15343542397022247, 0.4219473898410797, 0.8208795189857483, 1.3855218887329102, -0.713474690914154, 1.4315524101257324, 0.16110719740390778, -0.4480314254760742, 0.2209469974040985, -0.4066038727760315, 0.0, 0.0,]
---
[ -0.1887255609035492, 0.1871912181377411, -0.04756497964262962, 0.04603062570095062, 1.5696443319320679, -1.571178674697876, 0.05370239540934563, -0.10126737505197525, -0.15957283973693848, 0.29152730107307434, 0.8086046576499939, 1.028017282485962, -0.7073372602462769, 0.9697118401527405, 0.16724461317062378, -0.30993953347206116, 0.22708441317081451, -0.28385552763938904, 0.0, 0.0,]
---
[ -0.1887255609035492, 0.1871912181377411, -0.04756497964262962, 0.04603062570095062, 1.5696443319320679, -1.571178674697876, 0.06290852278470993, -0.06597723066806793, -0.1902599185705185, 0.1887255609035492, 0.7733145356178284, 0.810139000415802, -0.6674440503120422, 0.6659097075462341, 0.1994660496711731, -0.2010003924369812, 0.2240157127380371, -0.1887255609035492, 0.0, 0.0,]
---
[ -0.1887255609035492, 0.1871912181377411, -0.04756497964262962, 0.04603062570095062, 1.5696443319320679, -1.571178674697876, 0.09973302483558655, -0.05523674935102463, -0.28692424297332764, 0.15496976673603058, 0.9605057239532471, 0.8300856351852417, -0.911406397819519, 0.7088716626167297, 0.30226778984069824, -0.16571025550365448, 0.28999292850494385, -0.2102065235376358, 0.0, 0.0,]
---
[ -0.1887255609035492, 0.1871912181377411, -0.04756497964262962, 0.04603062570095062, 1.5696443319320679, -1.571178674697876, 0.14422929286956787, -0.052168041467666626, -0.4020007848739624, 0.15343542397022247, 1.348697304725647, 0.8239482045173645, -1.397796630859375, 0.7104060053825378, 0.4250161051750183, -0.16417589783668518, 0.4020007848739624, -0.2194126546382904, 0.0, 0.0,]
---
[ -0.1887255609035492, 0.1871912181377411, -0.04756497964262962, 0.04603062570095062, 1.5696443319320679, -1.571178674697876, 0.15957283973693848, -0.06444287300109863, -0.4388253092765808, 0.1810537874698639, 1.350231647491455, 0.7947954535484314, -1.37785005569458, 0.6766502261161804, 0.4633749723434448, -0.1933286339044571, 0.3866572678089142, -0.2163439393043518, 0.0, 0.0,]
---
[ -0.1887255609035492, 0.1871912181377411, -0.04756497964262962, 0.04603062570095062, 1.5696443319320679, -1.571178674697876, 0.13348881900310516, -0.08285512775182724, -0.3759167790412903, 0.23782490193843842, 0.9252156019210815, 0.7211464643478394, -0.8070703148841858, 0.5784515142440796, 0.3958633840084076, -0.2531684339046478, 0.2316874861717224, -0.1933286339044571, 0.0, 0.0,]
---
[ -0.1887255609035492, 0.1871912181377411, -0.04756497964262962, 0.04603062570095062, 1.5696443319320679, -1.571178674697876, 0.11047349870204926, -0.11354220658540726, -0.31914567947387695, 0.31761130690574646, 0.5784515142440796, 0.5400926470756531, -0.31454262137413025, 0.31300824880599976, 0.33602356910705566, -0.33755791187286377, 0.07825206220149994, -0.11967962980270386, 0.0, 0.0,]
---
[ -0.1887255609035492, 0.1871912181377411, -0.04756497964262962, 0.04603062570095062, 1.5696443319320679, -1.571178674697876, 0.07978641986846924, -0.13655751943588257, -0.2332218438386917, 0.380519837141037, 0.7549022436141968, 0.7518335580825806, -0.5937950611114502, 0.6045355796813965, 0.24549667537212372, -0.405069500207901, 0.17031331360340118, -0.2071378231048584, 0.0, 0.0,]
---
[ -0.1887255609035492, 0.1871912181377411, -0.04756497964262962, 0.04603062570095062, 1.5696443319320679, -1.571178674697876, 0.05983981490135193, -0.16264154016971588, -0.1749163717031479, 0.4464970827102661, 0.810139000415802, 1.2949949502944946, -0.68892502784729, 1.3241477012634277, 0.1841225028038025, -0.47411543130874634, 0.2071378231048584, -0.392794668674469, 0.0, 0.0,]
---
[ -0.1887255609035492, 0.1871912181377411, -0.04756497964262962, 0.04603062570095062, 1.5696443319320679, -1.571178674697876, 0.050633687525987625, -0.14883235096931458, -0.15343542397022247, 0.4127412736415863, 0.8193451166152954, 1.3701783418655396, -0.7150090336799622, 1.4146745204925537, 0.15957283973693848, -0.4388253092765808, 0.2224813550710678, -0.4020007848739624, 0.0, 0.0,]
---
[ -0.1887255609035492, 0.1871912181377411, -0.04756497964262962, 0.04603062570095062, 1.5696443319320679, -1.571178674697876, 0.05370239540934563, -0.10126737505197525, -0.15957283973693848, 0.29152730107307434, 0.8086046576499939, 1.028017282485962, -0.7073372602462769, 0.9697118401527405, 0.16724461317062378, -0.30993953347206116, 0.22708441317081451, -0.28385552763938904, 0.0, 0.0,]
---
[ -0.1887255609035492, 0.1871912181377411, -0.04756497964262962, 0.04603062570095062, 1.5696443319320679, -1.571178674697876, 0.06290852278470993, -0.06597723066806793, -0.1902599185705185, 0.1887255609035492, 0.7733145356178284, 0.810139000415802, -0.6674440503120422, 0.6659097075462341, 0.1994660496711731, -0.2010003924369812, 0.2240157127380371, -0.1887255609035492, 0.0, 0.0,]
---
[ -0.1887255609035492, 0.1871912181377411, -0.04756497964262962, 0.04603062570095062, 1.5696443319320679, -1.571178674697876, 0.09666431695222855, -0.05370239540934563, -0.27618375420570374, 0.15650412440299988, 0.9206125140190125, 0.8285512924194336, -0.85923832654953, 0.7073372602462769, 0.28999292850494385, -0.16724461317062378, 0.27464941143989563, -0.2102065235376358, 0.0, 0.0,]
---
[ -0.1887255609035492, 0.1871912181377411, -0.04756497964262962, 0.04603062570095062, 1.5696443319320679, -1.571178674697876, 0.14116059243679047, -0.05370239540934563, -0.392794668674469, 0.15190106630325317, 1.3241477012634277, 0.8254825472831726, -1.3701783418655396, 0.711940348148346, 0.4158099889755249, -0.16264154016971588, 0.3973977267742157, -0.2178782969713211, 0.0, 0.0,]
---
[ -0.1887255609035492, 0.1871912181377411, -0.04756497964262962, 0.04603062570095062, 1.5696443319320679, -1.571178674697876, 0.15957283973693848, -0.06444287300109863, -0.4388253092765808, 0.1810537874698639, 1.350231647491455, 0.7947954535484314, -1.37785005569458, 0.6766502261161804, 0.4633749723434448, -0.1933286339044571, 0.3866572678089142, -0.2163439393043518, 0.0, 0.0,]
---
[ -0.1887255609035492, 0.1871912181377411, -0.04756497964262962, 0.04603062570095062, 1.5696443319320679, -1.571178674697876, 0.13348881900310516, -0.08285512775182724, -0.3759167790412903, 0.23782490193843842, 0.9252156019210815, 0.7211464643478394, -0.8070703148841858, 0.5784515142440796, 0.3958633840084076, -0.2531684339046478, 0.2316874861717224, -0.1933286339044571, 0.0, 0.0,]
---
[ -0.1887255609035492, 0.1871912181377411, -0.04756497964262962, 0.04603062570095062, 1.5696443319320679, -1.571178674697876, 0.11047349870204926, -0.11354220658540726, -0.31914567947387695, 0.31761130690574646, 0.5784515142440796, 0.5400926470756531, -0.31454262137413025, 0.31300824880599976, 0.33602356910705566, -0.33755791187286377, 0.07825206220149994, -0.11967962980270386, 0.0, 0.0,]
---
[ -0.1887255609035492, 0.1871912181377411, -0.04756497964262962, 0.04603062570095062, 1.5696443319320679, -1.571178674697876, 0.07671771198511124, -0.13809187710285187, -0.22708441317081451, 0.3866572678089142, 0.7625740170478821, 0.8070703148841858, -0.6060699224472046, 0.6827875971794128, 0.23782490193843842, -0.4112069308757782, 0.1764507293701172, -0.2301531285047531, 0.0, 0.0,]
---
[ -0.1887255609035492, 0.1871912181377411, -0.04756497964262962, 0.04603062570095062, 1.5696443319320679, -1.571178674697876, 0.05677110329270363, -0.16417589783668518, -0.17184767127037048, 0.4480314254760742, 0.8116733431816101, 1.3226133584976196, -0.6919937133789062, 1.3579034805297852, 0.1795194447040558, -0.47718414664268494, 0.2102065235376358, -0.3989320993423462, 0.0, 0.0,]
---
[ -0.1887255609035492, 0.1871912181377411, -0.04756497964262962, 0.04603062570095062, 1.5696443319320679, -1.571178674697876, 0.052168041467666626, -0.14576365053653717, -0.15190106630325317, 0.4035351574420929, 0.8193451166152954, 1.3533004522323608, -0.7150090336799622, 1.3916592597961426, 0.15957283973693848, -0.429619163274765, 0.2224813550710678, -0.3958633840084076, 0.0, 0.0,]
---
[ -0.1887255609035492, 0.1871912181377411, -0.04756497964262962, 0.04603062570095062, 1.5696443319320679, -1.571178674697876, 0.05523674935102463, -0.09359560906887054, -0.16417589783668518, 0.26851198077201843, 0.8040015697479248, 0.9528339505195618, -0.7027342319488525, 0.8669100999832153, 0.17184767127037048, -0.28538987040519714, 0.22708441317081451, -0.2531684339046478, 0.0, 0.0,]
---
[ -0.1887255609035492, 0.1871912181377411, -0.04756497964262962, 0.04603062570095062, 1.5696443319320679, -1.571178674697876, 0.06597723066806793, -0.06444287300109863, -0.1979316920042038, 0.1810537874698639, 0.7641083598136902, 0.8162764310836792, -0.6551692485809326, 0.6766502261161804, 0.2086721658706665, -0.1917942762374878, 0.2209469974040985, -0.1933286339044571, 0.0, 0.0,]
---
[ -0.1887255609035492, 0.1871912181377411, -0.04756497964262962, 0.04603062570095062, 1.5696443319320679, -1.571178674697876, 0.10740479081869125, -0.05370239540934563, -0.30840519070625305, 0.15190106630325317, 1.0418264865875244, 0.8300856351852417, -1.0172768831253052, 0.711940348148346, 0.32374873757362366, -0.16264154016971588, 0.31761130690574646, -0.2132752388715744, 0.0, 0.0,]
---
[ -0.1887255609035492, 0.1871912181377411, -0.04756497964262962, 0.04603062570095062, 1.5696443319320679, -1.571178674697876, 0.15036670863628387, -0.05370239540934563, -0.4188787043094635, 0.15650412440299988, 1.3870562314987183, 0.8193451166152954, -1.4392242431640625, 0.7073372602462769, 0.441893994808197, -0.16724461317062378, 0.4081382155418396, -0.2194126546382904, 0.0, 0.0,]
---
[ -0.1887255609035492, 0.1871912181377411, -0.04756497964262962, 0.04603062570095062, 1.5696443319320679, -1.571178674697876, 0.15496976673603058, -0.06597723066806793, -0.4265504777431488, 0.1933286339044571, 1.2658421993255615, 0.7794519066810608, -1.2673765420913696, 0.6597722768783569, 0.4511001408100128, -0.2056034654378891, 0.3590388894081116, -0.2132752388715744, 0.0, 0.0,]
---
[ -0.1887255609035492, 0.1871912181377411, -0.04756497964262962, 0.04603062570095062, 1.5696443319320679, -1.571178674697876, 0.12581704556941986, -0.09206125140190125, -0.355970174074173, 0.259305864572525, 0.7763832211494446, 0.6858563423156738, -0.5983981490135193, 0.5278178453445435, 0.3759167790412903, -0.27618375420570374, 0.16877895593643188, -0.1810537874698639, 0.0, 0.0,]
---
[ -0.1887255609035492, 0.1871912181377411, -0.04756497964262962, 0.04603062570095062, 1.5696443319320679, -1.571178674697876, 0.09666431695222855, -0.12274833768606186, -0.28385552763938904, 0.34829840064048767, 0.6735814809799194, 0.32528308033943176, -0.46184059977531433, 0.0, 0.29919907450675964, -0.3697793483734131, 0.12581704556941986, -0.02301531285047531, 0.0, 0.0,]
---
[ -0.1887255609035492, 0.1871912181377411, -0.04756497964262962, 0.04603062570095062, 1.5696443319320679, -1.571178674697876, 0.07211464643478394, -0.14576365053653717, -0.2102065235376358, 0.405069500207901, 0.7809863090515137, 0.9666431546211243, -0.6367570161819458, 0.9006659388542175, 0.2194126546382904, -0.4311535358428955, 0.1871912181377411, -0.28999292850494385, 0.0, 0.0,]
---
[ -0.1887255609035492, 0.1871912181377411, -0.04756497964262962, 0.04603062570095062, 1.5696443319320679, -1.571178674697876, 0.05523674935102463, -0.16417589783668518, -0.16417589783668518, 0.4495657682418823, 0.8162764310836792, 1.3809187412261963, -0.7027342319488525, 1.4284837245941162, 0.17184767127037048, -0.47871851921081543, 0.2148095816373825, -0.4112069308757782, 0.0, 0.0,]
---
[ -0.1887255609035492, 0.1871912181377411, -0.04756497964262962, 0.04603062570095062, 1.5696443319320679, -1.571178674697876, 0.050633687525987625, -0.13195446133613586, -0.15190106630325317, 0.3728480637073517, 0.8178107738494873, 1.278117060661316, -0.7150090336799622, 1.299597978591919, 0.15957283973693848, -0.3958633840084076, 0.2255500704050064, -0.3728480637073517, 0.0, 0.0,]
---
[ -0.1887255609035492, 0.1871912181377411, -0.04756497964262962, 0.04603062570095062, 1.5696443319320679, -1.571178674697876, 0.05677110329270363, -0.08132077008485794, -0.17184767127037048, 0.23782490193843842, 0.7947954535484314, 0.8577039837837219, -0.6919937133789062, 0.7334213256835938, 0.1795194447040558, -0.2531684339046478, 0.22708441317081451, -0.2132752388715744, 0.0, 0.0,]
---
[ -0.1887255609035492, 0.1871912181377411, -0.04756497964262962, 0.04603062570095062, 1.5696443319320679, -1.571178674697876, 0.07518335431814194, -0.05830546095967293, -0.2194126546382904, 0.17031331360340118, 0.7595053315162659, 0.8224138617515564, -0.6444287896156311, 0.6904593706130981, 0.2301531285047531, -0.1810537874698639, 0.2178782969713211, -0.2010003924369812, 0.0, 0.0,]
---
[ -0.1887255609035492, 0.1871912181377411, -0.04756497964262962, 0.04603062570095062, 1.5696443319320679, -1.571178674697876, 0.11967962980270386, -0.052168041467666626, -0.34062662720680237, 0.15036670863628387, 1.161506175994873, 0.8285512924194336, -1.1707122325897217, 0.713474690914154, 0.3590388894081116, -0.16110719740390778, 0.35443583130836487, -0.2163439393043518, 0.0, 0.0,]
---
[ -0.1887255609035492, 0.1871912181377411, -0.04756497964262962, 0.04603062570095062, 1.5696443319320679, -1.571178674697876, 0.15803848206996918, -0.05677110329270363, -0.4357565939426422, 0.16264154016971588, 1.4131401777267456, 0.813207745552063, -1.4653083086013794, 0.7011998891830444, 0.4603062570095062, -0.17338202893733978, 0.4112069308757782, -0.2194126546382904, 0.0, 0.0,]
---
[ -0.1887255609035492, 0.1871912181377411, -0.04756497964262962, 0.04603062570095062, 1.5696443319320679, -1.571178674697876, 0.14729800820350647, -0.07364900410175323, -0.4096725583076477, 0.2086721658706665, 1.153834342956543, 0.7625740170478821, -1.1200785636901855, 0.6352226138114929, 0.4326878786087036, -0.2209469974040985, 0.32068002223968506, -0.2071378231048584, 0.0, 0.0,]
---
[ -0.1887255609035492, 0.1871912181377411, -0.04756497964262962, 0.04603062570095062, 1.5696443319320679, -1.571178674697876, 0.11967962980270386, -0.09819866716861725, -0.33909228444099426, 0.28232118487358093, 0.639825701713562, 0.6382913589477539, -0.4020007848739624, 0.4603062570095062, 0.3575045168399811, -0.30073341727256775, 0.10740479081869125, -0.16264154016971588, 0.0, 0.0,]
---
[ -0.1887255609035492, 0.1871912181377411, -0.04756497964262962, 0.04603062570095062, 1.5696443319320679, -1.571178674697876, 0.09052689373493195, -0.12735140323638916, -0.26084020733833313, 0.3605732321739197, 0.716543436050415, 0.5170773863792419, -0.5293521881103516, 0.27464941143989563, 0.27464941143989563, -0.3820541799068451, 0.14883235096931458, -0.10740479081869125, 0.0, 0.0,]
---
[ -0.1887255609035492, 0.1871912181377411, -0.04756497964262962, 0.04603062570095062, 1.5696443319320679, -1.571178674697876, 0.06597723066806793, -0.15496976673603058, -0.1902599185705185, 0.4280848205089569, 0.7993985414505005, 1.1523000001907349, -0.6674440503120422, 1.1446281671524048, 0.1994660496711731, -0.4557031989097595, 0.1979316920042038, -0.3529014587402344, 0.0, 0.0,]
---
[ -0.1887255609035492, 0.1871912181377411, -0.04756497964262962, 0.04603062570095062, 1.5696443319320679, -1.571178674697876, 0.052168041467666626, -0.16110719740390778, -0.15803848206996918, 0.4403596520423889, 0.8193451166152954, 1.4023997783660889, -0.7088716626167297, 1.453033447265625, 0.16571025550365448, -0.46951237320899963, 0.2178782969713211, -0.4142756462097168, 0.0, 0.0,]
---
[ -0.1887255609035492, 0.1871912181377411, -0.04756497964262962, 0.04603062570095062, 1.5696443319320679, -1.571178674697876, 0.050633687525987625, -0.11507656425237656, -0.15496976673603058, 0.32681745290756226, 0.813207745552063, 1.1430938243865967, -0.711940348148346, 1.1231472492218018, 0.16264154016971588, -0.34676405787467957, 0.22708441317081451, -0.32681745290756226, 0.0, 0.0,]
---
[ -0.1887255609035492, 0.1871912181377411, -0.04756497964262962, 0.04603062570095062, 1.5696443319320679, -1.571178674697876, 0.06290852278470993, -0.07211464643478394, -0.1825881451368332, 0.2086721658706665, 0.7825206518173218, 0.8055359721183777, -0.6781845688819885, 0.6613066792488098, 0.1902599185705185, -0.2209469974040985, 0.2255500704050064, -0.1902599185705185, 0.0, 0.0,]
---
[ -0.1887255609035492, 0.1871912181377411, -0.04756497964262962, 0.04603062570095062, 1.5696443319320679, -1.571178674697876, 0.08899254351854324, -0.05523674935102463, -0.2562371492385864, 0.16110719740390778, 0.8484978675842285, 0.8270168900489807, -0.7625740170478821, 0.7027342319488525, 0.27004632353782654, -0.17031331360340118, 0.24856537580490112, -0.2071378231048584, 0.0, 0.0,]
---
[ -0.1887255609035492, 0.1871912181377411, -0.04756497964262962, 0.04603062570095062, 1.5696443319320679, -1.571178674697876, 0.13348881900310516, -0.05370239540934563, -0.3728480637073517, 0.15036670863628387, 1.2673765420913696, 0.8270168900489807, -1.301132321357727, 0.713474690914154, 0.3943290412425995, -0.16110719740390778, 0.3835885524749756, -0.2178782969713211, 0.0, 0.0,]
---
[ -0.1887255609035492, 0.1871912181377411, -0.04756497964262962, 0.04603062570095062, 1.5696443319320679, -1.571178674697876, 0.16110719740390778, -0.06137416884303093, -0.441893994808197, 0.17338202893733978, 1.3885905742645264, 0.8024672269821167, -1.426949381828308, 0.6873906850814819, 0.46797803044319153, -0.1856568604707718, 0.3989320993423462, -0.2178782969713211, 0.0, 0.0,]
---
[ -0.1887255609035492, 0.1871912181377411, -0.04756497964262962, 0.04603062570095062, 1.5696443319320679, -1.571178674697876, 0.13962623476982117, -0.07825206220149994, -0.3897259533405304, 0.2255500704050064, 1.0218799114227295, 0.7395586967468262, -0.9405590891838074, 0.6045355796813965, 0.4112069308757782, -0.23935925960540771, 0.27004632353782654, -0.2010003924369812, 0.0, 0.0,]
---
[ -0.1887255609035492, 0.1871912181377411, -0.04756497964262962, 0.04603062570095062, 1.5696443319320679, -1.571178674697876, 0.06597723066806793, -0.06290852278470993, -0.1963973343372345, 0.1825881451368332, 0.7871236801147461, 0.7978641986846924, -0.6597722768783569, 0.6751158237457275, 0.2056034654378891, -0.1948629766702652, 0.2025347501039505, -0.2102065235376358, 0.0, 0.0,]
---
[ -0.1887255609035492, 0.1871912181377411, -0.04756497964262962, 0.04603062570095062, 1.5696443319320679, -1.571178674697876, 0.06597723066806793, -0.06290852278470993, -0.1963973343372345, 0.1825881451368332, 0.7871236801147461, 0.7978641986846924, -0.6597722768783569, 0.6751158237457275, 0.2056034654378891, -0.1948629766702652, 0.2025347501039505, -0.2102065235376358, 0.0, 0.0,]
---
[ -0.1887255609035492, 0.1871912181377411, -0.04756497964262962, 0.04603062570095062, 1.5696443319320679, -1.571178674697876, 0.06597723066806793, -0.06290852278470993, -0.1963973343372345, 0.1825881451368332, 0.7871236801147461, 0.7978641986846924, -0.6597722768783569, 0.6751158237457275, 0.2056034654378891, -0.1948629766702652, 0.2025347501039505, -0.2102065235376358, 0.0, 0.0,]
---