[ -0.1887255609035492, 0.1871912181377411, -0.04756497964262962, 0.04603062570095062, 1.5696443319320679, -1.571178674697876, 0.06597723066806793, -0.06290852278470993, -0.5032681822776794, -0.2286187708377838, 0.8208795189857483, 0.7978641986846924, -0.7088716626167297, 0.6751158237457275, 0.2056034654378891, 0.47718414664268494, 0.2025347501039505, -0.2102065235376358, 0.0, 0.0,]
---
[ -0.1887255609035492, 0.1871912181377411, -0.04756497964262962, 0.04603062570095062, 1.5696443319320679, -1.571178674697876, 0.06597723066806793, -0.06290852278470993, -0.5032681822776794, -0.2301531285047531, 0.8561696410179138, 0.7978641986846924, -0.7579709887504578, 0.6751158237457275, 0.2056034654378891, 0.47564980387687683, 0.2025347501039505, -0.2102065235376358, 0.0, 0.0,]
---
[ -0.1887255609035492, 0.1871912181377411, -0.04756497964262962, 0.04603062570095062, 1.5696443319320679, -1.571178674697876, 0.06597723066806793, -0.06290852278470993, -0.5032681822776794, -0.2316874861717224, 0.8914597630500793, 0.7978641986846924, -0.8070703148841858, 0.6751158237457275, 0.2056034654378891, 0.47411543130874634, 0.2025347501039505, -0.2102065235376358, 0.0, 0.0,]
---
[ -0.1887255609035492, 0.1871912181377411, -0.04756497964262962, 0.04603062570095062, 1.5696443319320679, -1.571178674697876, 0.06597723066806793, -0.06290852278470993, -0.5032681822776794, -0.2332218438386917, 0.9252156019210815, 0.7978641986846924, -0.8561696410179138, 0.6751158237457275, 0.2056034654378891, 0.47258108854293823, 0.2025347501039505, -0.2102065235376358, 0.0, 0.0,]
---
[ -0.1887255609035492, 0.1871912181377411, -0.04756497964262962, 0.04603062570095062, 1.5696443319320679, -1.571178674697876, 0.06597723066806793, -0.06290852278470993, -0.5032681822776794, -0.23475618660449982, 0.9605057239532471, 0.7978641986846924, -0.9052689671516418, 0.6751158237457275, 0.2056034654378891, 0.4710467457771301, 0.2025347501039505, -0.2102065235376358, 0.0, 0.0,]
---
[ -0.1887255609035492, 0.1871912181377411, -0.04756497964262962, 0.04603062570095062, 1.5696443319320679, -1.571178674697876, 0.06597723066806793, -0.06290852278470993, -0.5032681822776794, -0.23629054427146912, 0.9957958459854126, 0.7978641986846924, -0.9528339505195618, 0.6751158237457275, 0.2056034654378891, 0.46951237320899963, 0.2025347501039505, -0.2102065235376358, 0.0, 0.0,]
---
[ -0.1887255609035492, 0.1871912181377411, -0.04756497964262962, 0.04603062570095062, 1.5696443319320679, -1.571178674697876, 0.06597723066806793, -0.06290852278470993, -0.5032681822776794, -0.23782490193843842, 1.0310859680175781, 0.7978641986846924, -1.0019333362579346, 0.6751158237457275, 0.2056034654378891, 0.46797803044319153, 0.2025347501039505, -0.2102065235376358, 0.0, 0.0,]
---
[ -0.1887255609035492, 0.1871912181377411, -0.04756497964262962, 0.04603062570095062, 1.5696443319320679, -1.571178674697876, 0.06597723066806793, -0.06290852278470993, -0.5032681822776794, -0.23935925960540771, 1.064841866493225, 0.7978641986846924, -1.0510326623916626, 0.6751158237457275, 0.2056034654378891, 0.4664436876773834, 0.2025347501039505, -0.2102065235376358, 0.0, 0.0,]
---
[ -0.1887255609035492, 0.1871912181377411, -0.04756497964262962, 0.04603062570095062, 1.5696443319320679, -1.571178674697876, 0.06597723066806793, -0.06290852278470993, -0.5032681822776794, -0.24089360237121582, 1.1001319885253906, 0.7978641986846924, -1.1001319885253906, 0.6751158237457275, 0.2056034654378891, 0.46490931510925293, 0.2025347501039505, -0.2102065235376358, 0.0, 0.0,]
---
[ -0.1887255609035492, 0.1871912181377411, -0.04756497964262962, 0.04603062570095062, 1.5696443319320679, -1.571178674697876, 0.06597723066806793, -0.06290852278470993, -0.5032681822776794, -0.24242796003818512, 1.1354221105575562, 0.7978641986846924, -1.1492313146591187, 0.6751158237457275, 0.2056034654378891, 0.4633749723434448, 0.2025347501039505, -0.2102065235376358, 0.0, 0.0,]
---
[ -0.1887255609035492, 0.1871912181377411, -0.04756497964262962, 0.04603062570095062, 1.5696443319320679, -1.571178674697876, 0.06597723066806793, -0.06290852278470993, -0.5032681822776794, -0.24242796003818512, 1.1707122325897217, 0.7978641986846924, -1.1967962980270386, 0.6751158237457275, 0.2056034654378891, 0.4633749723434448, 0.2025347501039505, -0.2102065235376358, 0.0, 0.0,]
---
[ -0.1887255609035492, 0.1871912181377411, -0.04756497964262962, 0.04603062570095062, 1.5696443319320679, -1.571178674697876, 0.06597723066806793, -0.06290852278470993, -0.5032681822776794, -0.24396231770515442, 1.204468011856079, 0.7978641986846924, -1.2458956241607666, 0.6751158237457275, 0.2056034654378891, 0.46184059977531433, 0.2025347501039505, -0.2102065235376358, 0.0, 0.0,]
---
[ -0.1887255609035492, 0.1871912181377411, -0.04756497964262962, 0.04603062570095062, 1.5696443319320679, -1.571178674697876, 0.06597723066806793, -0.06290852278470993, -0.5032681822776794, -0.24549667537212372, 1.2397581338882446, 0.7978641986846924, -1.2949949502944946, 0.6751158237457275, 0.2056034654378891, 0.4603062570095062, 0.2025347501039505, -0.2102065235376358, 0.0, 0.0,]
---
[ -0.1887255609035492, 0.1871912181377411, -0.04756497964262962, 0.04603062570095062, 1.5696443319320679, -1.571178674697876, 0.06597723066806793, -0.06290852278470993, -0.5032681822776794, -0.24703101813793182, 1.2750483751296997, 0.7978641986846924, -1.3440942764282227, 0.6751158237457275, 0.2056034654378891, 0.4587719142436981, 0.2025347501039505, -0.2102065235376358, 0.0, 0.0,]
---
[ -0.1887255609035492, 0.1871912181377411, -0.04756497964262962, 0.04603062570095062, 1.5696443319320679, -1.571178674697876, 0.06597723066806793, -0.06290852278470993, -0.5032681822776794, -0.24856537580490112, 1.3088041543960571, 0.7978641986846924, -1.3931936025619507, 0.6751158237457275, 0.2056034654378891, 0.4572375416755676, 0.2025347501039505, -0.2102065235376358, 0.0, 0.0,]
---
[ -0.1887255609035492, 0.1871912181377411, -0.04756497964262962, 0.04603062570095062, 1.5696443319320679, -1.571178674697876, 0.06597723066806793, -0.06290852278470993, -0.5032681822776794, -0.25009971857070923, 1.3440942764282227, 0.7978641986846924, -1.4422929286956787, 0.6751158237457275, 0.2056034654378891, 0.4557031989097595, 0.2025347501039505, -0.2102065235376358, 0.0, 0.0,]
---
[ -0.1887255609035492, 0.1871912181377411, -0.04756497964262962, 0.04603062570095062, 1.5696443319320679, -1.571178674697876, 0.06597723066806793, -0.06290852278470993, -0.5032681822776794, -0.2516340911388397, 1.3793843984603882, 0.7978641986846924, -1.4898579120635986, 0.6751158237457275, 0.2056034654378891, 0.45416882634162903, 0.2025347501039505, -0.2102065235376358, 0.0, 0.0,]
---
[ -0.1887255609035492, 0.1871912181377411, -0.04756497964262962, 0.04603062570095062, 1.5696443319320679, -1.571178674697876, 0.06597723066806793, -0.06290852278470993, -0.5032681822776794, -0.2531684339046478, 1.4146745204925537, 0.7978641986846924, -1.5389572381973267, 0.6751158237457275, 0.2056034654378891, 0.4526344835758209, 0.2025347501039505, -0.2102065235376358, 0.0, 0.0,]
---
[ -0.1887255609035492, 0.1871912181377411, -0.04756497964262962, 0.04603062570095062, 1.5696443319320679, -1.571178674697876, 0.06597723066806793, -0.06290852278470993, -0.5032681822776794, -0.2547028064727783, 1.4484302997589111, 0.7978641986846924, -1.5880565643310547, 0.6751158237457275, 0.2056034654378891, 0.4511001408100128, 0.2025347501039505, -0.2102065235376358, 0.0, 0.0,]
---
[ -0.1887255609035492, 0.1871912181377411, -0.04756497964262962, 0.04603062570095062, 1.5696443319320679, -1.571178674697876, 0.06597723066806793, -0.06290852278470993, -0.5032681822776794, -0.2562371492385864, 1.4837205410003662, 0.7978641986846924, -1.6371558904647827, 0.6751158237457275, 0.2056034654378891, 0.4495657682418823, 0.2025347501039505, -0.2102065235376358, 0.0, 0.0,]
---
[ -0.1887255609035492, 0.1871912181377411, -0.04756497964262962, 0.04603062570095062, 1.5696443319320679, -1.571178674697876, 0.06597723066806793, -0.06290852278470993, -0.5032681822776794, -0.25777149200439453, 1.5190106630325317, 0.7978641986846924, -1.6862552165985107, 0.6751158237457275, 0.2056034654378891, 0.4480314254760742, 0.2025347501039505, -0.2102065235376358, 0.0, 0.0,]
---
[ -0.1887255609035492, 0.1871912181377411, -0.04756497964262962, 0.04603062570095062, 1.5696443319320679, -1.571178674697876, 0.06597723066806793, -0.06290852278470993, -0.5032681822776794, -0.25777149200439453, 1.5543007850646973, 0.7978641986846924, -1.7338201999664307, 0.6751158237457275, 0.2056034654378891, 0.4480314254760742, 0.2025347501039505, -0.2102065235376358, 0.0, 0.0,]
---
[ -0.1887255609035492, 0.1871912181377411, -0.04756497964262962, 0.04603062570095062, 1.5696443319320679, -1.571178674697876, 0.06597723066806793, -0.06290852278470993, -0.5032681822776794, -0.259305864572525, 1.5543007850646973, 0.7978641986846924, -1.7629729509353638, 0.6751158237457275, 0.2056034654378891, 0.4464970827102661, 0.23629054427146912, -0.2102065235376358, 0.0, 0.0,]
---
[ -0.1887255609035492, 0.1871912181377411, -0.04756497964262962, 0.04603062570095062, 1.5696443319320679, -1.571178674697876, 0.06597723066806793, -0.06290852278470993, -0.5032681822776794, -0.26084020733833313, 1.5543007850646973, 0.7978641986846924, -1.7905913591384888, 0.6751158237457275, 0.2056034654378891, 0.4449627101421356, 0.27158069610595703, -0.2102065235376358, 0.0, 0.0,]
---
[ -0.1887255609035492, 0.1871912181377411, -0.04756497964262962, 0.04603062570095062, 1.5696443319320679, -1.571178674697876, 0.06597723066806793, -0.06290852278470993, -0.5032681822776794, -0.26084020733833313, 1.5543007850646973, 0.7978641986846924, -1.8182097673416138, 0.6751158237457275, 0.2056034654378891, 0.4434283673763275, 0.30687084794044495, -0.2102065235376358, 0.0, 0.0,]
---
[ -0.1887255609035492, 0.1871912181377411, -0.04756497964262962, 0.04603062570095062, 1.5696443319320679, -1.571178674697876, 0.06597723066806793, -0.06290852278470993, -0.5032681822776794, -0.2623745799064636, 1.5543007850646973, 0.7978641986846924, -1.8458280563354492, 0.6751158237457275, 0.2056034654378891, 0.441893994808197, 0.34062662720680237, -0.2102065235376358, 0.0, 0.0,]
---
[ -0.1887255609035492, 0.1871912181377411, -0.04756497964262962, 0.04603062570095062, 1.5696443319320679, -1.571178674697876, 0.06597723066806793, -0.06290852278470993, -0.5032681822776794, -0.2623745799064636, 1.5543007850646973, 0.7978641986846924, -1.8734464645385742, 0.6751158237457275, 0.2056034654378891, 0.4403596520423889, 0.3759167790412903, -0.2102065235376358, 0.0, 0.0,]
---
[ -0.1887255609035492, 0.1871912181377411, -0.04756497964262962, 0.04603062570095062, 1.5696443319320679, -1.571178674697876, 0.06597723066806793, -0.06290852278470993, -0.5032681822776794, -0.26390892267227173, 1.5543007850646973, 0.7978641986846924, -1.9025992155075073, 0.6751158237457275, 0.2056034654378891, 0.4388253092765808, 0.4112069308757782, -0.2102065235376358, 0.0, 0.0,]
---
[ -0.1887255609035492, 0.1871912181377411, -0.04756497964262962, 0.04603062570095062, 1.5696443319320679, -1.571178674697876, 0.06597723066806793, -0.06290852278470993, -0.5032681822776794, -0.26544326543807983, 1.5543007850646973, 0.7978641986846924, -1.9302176237106323, 0.6751158237457275, 0.2056034654378891, 0.4372909367084503, 0.4464970827102661, -0.2102065235376358, 0.0, 0.0,]
---
[ -0.1887255609035492, 0.1871912181377411, -0.04756497964262962, 0.04603062570095062, 1.5696443319320679, -1.571178674697876, 0.06597723066806793, -0.06290852278470993, -0.5032681822776794, -0.26544326543807983, 1.5543007850646973, 0.7978641986846924, -1.9578359127044678, 0.6751158237457275, 0.2056034654378891, 0.4372909367084503, 0.48025286197662354, -0.2102065235376358, 0.0, 0.0,]
---
[ -0.1887255609035492, 0.1871912181377411, -0.04756497964262962, 0.04603062570095062, 1.5696443319320679, -1.571178674697876, 0.06597723066806793, -0.06290852278470993, -0.5032681822776794, -0.2669776380062103, 1.5543007850646973, 0.7978641986846924, -1.9854543209075928, 0.6751158237457275, 0.2056034654378891, 0.4357565939426422, 0.5155429840087891, -0.2102065235376358, 0.0, 0.0,]
---
[ -0.1887255609035492, 0.1871912181377411, -0.04756497964262962, 0.04603062570095062, 1.5696443319320679, -1.571178674697876, 0.06597723066806793, -0.06290852278470993, -0.5032681822776794, -0.2669776380062103, 1.5543007850646973, 0.7978641986846924, -2.0130727291107178, 0.6751158237457275, 0.2056034654378891, 0.4342222213745117, 0.5508331656455994, -0.2102065235376358, 0.0, 0.0,]
---
[ -0.1887255609035492, 0.1871912181377411, -0.04756497964262962, 0.04603062570095062, 1.5696443319320679, -1.571178674697876, 0.06597723066806793, -0.06290852278470993, -0.5032681822776794, -0.26851198077201843, 1.5543007850646973, 0.7978641986846924, -2.0406911373138428, 0.6751158237457275, 0.2056034654378891, 0.4326878786087036, 0.5861232876777649, -0.2102065235376358, 0.0, 0.0,]
---
[ -0.1887255609035492, 0.1871912181377411, -0.04756497964262962, 0.04603062570095062, 1.5696443319320679, -1.571178674697876, 0.06597723066806793, -0.06290852278470993, -0.5032681822776794, -0.27004632353782654, 1.5543007850646973, 0.7978641986846924, -2.0698437690734863, 0.6751158237457275, 0.2056034654378891, 0.4311535358428955, 0.6198790669441223, -0.2102065235376358, 0.0, 0.0,]
---
[ -0.1887255609035492, 0.1871912181377411, -0.04756497964262962, 0.04603062570095062, 1.5696443319320679, -1.571178674697876, 0.06597723066806793, -0.06290852278470993, -0.5032681822776794, -0.27004632353782654, 1.5543007850646973, 0.7978641986846924, -2.0974621772766113, 0.6751158237457275, 0.2056034654378891, 0.429619163274765, 0.6551692485809326, -0.2102065235376358, 0.0, 0.0,]
---
[ -0.1887255609035492, 0.1871912181377411, -0.04756497964262962, 0.04603062570095062, 1.5696443319320679, -1.571178674697876, 0.06597723066806793, -0.06290852278470993, -0.5032681822776794, -0.27158069610595703, 1.5543007850646973, 0.7978641986846924, -2.1250805854797363, 0.6751158237457275, 0.2056034654378891, 0.4280848205089569, 0.6904593706130981, -0.2102065235376358, 0.0, 0.0,]
---
[ -0.1887255609035492, 0.1871912181377411, -0.04756497964262962, 0.04603062570095062, 1.5696443319320679, -1.571178674697876, 0.06597723066806793, -0.06290852278470993, -0.5032681822776794, -0.27158069610595703, 1.5543007850646973, 0.7978641986846924, -2.1526989936828613, 0.6751158237457275, 0.2056034654378891, 0.4280848205089569, 0.7242151498794556, -0.2102065235376358, 0.0, 0.0,]
---
[ -0.1887255609035492, 0.1871912181377411, -0.04756497964262962, 0.04603062570095062, 1.5696443319320679, -1.571178674697876, 0.06597723066806793, -0.06290852278470993, -0.5032681822776794, -0.27311503887176514, 1.5543007850646973, 0.7978641986846924, -2.1803174018859863, 0.6751158237457275, 0.2056034654378891, 0.4265504777431488, 0.7595053315162659, -0.2102065235376358, 0.0, 0.0,]
---
[ -0.1887255609035492, 0.1871912181377411, -0.04756497964262962, 0.04603062570095062, 1.5696443319320679, -1.571178674697876, 0.06597723066806793, -0.06290852278470993, -0.5032681822776794, -0.27464941143989563, 1.5543007850646973, 0.7978641986846924, -2.20947003364563, 0.6751158237457275, 0.2056034654378891, 0.4250161051750183, 0.7947954535484314, -0.2102065235376358, 0.0, 0.0,]
---
[ -0.1887255609035492, 0.1871912181377411, -0.04756497964262962, 0.04603062570095062, 1.5696443319320679, -1.571178674697876, 0.06597723066806793, -0.06290852278470993, -0.5032681822776794, -0.27464941143989563, 1.5543007850646973, 0.7978641986846924, -2.237088441848755, 0.6751158237457275, 0.2056034654378891, 0.4234817624092102, 0.8300856351852417, -0.2102065235376358, 0.0, 0.0,]
---
[ -0.1887255609035492, 0.1871912181377411, -0.04756497964262962, 0.04603062570095062, 1.5696443319320679, -1.571178674697876, 0.06597723066806793, -0.06290852278470993, -0.5032681822776794, -0.27618375420570374, 1.5543007850646973, 0.7978641986846924, -2.26470685005188, 0.6751158237457275, 0.2056034654378891, 0.4219473898410797, 0.8638414144515991, -0.2102065235376358, 0.0, 0.0,]
---
[ -0.1887255609035492, 0.1871912181377411, -0.04756497964262962, 0.04603062570095062, 1.5696443319320679, -1.571178674697876, 0.06597723066806793, -0.06290852278470993, -0.5032681822776794, -0.27618375420570374, 1.5543007850646973, 0.7978641986846924, -2.292325258255005, 0.6751158237457275, 0.2056034654378891, 0.4204130470752716, 0.8991315364837646, -0.2102065235376358, 0.0, 0.0,]
---
[ -0.1887255609035492, 0.1871912181377411, -0.04756497964262962, 0.04603062570095062, 1.5696443319320679, -1.571178674697876, 0.06597723066806793, -0.06290852278470993, -0.5032681822776794, -0.27771809697151184, 1.5543007850646973, 0.7978641986846924, -2.319943428039551, 0.6751158237457275, 0.2056034654378891, 0.4188787043094635, 0.934421718120575, -0.2102065235376358, 0.0, 0.0,]
---
[ -0.1887255609035492, 0.1871912181377411, -0.04756497964262962, 0.04603062570095062, 1.5696443319320679, -1.571178674697876, 0.06597723066806793, -0.06290852278470993, -0.5032681822776794, -0.27771809697151184, 1.5543007850646973, 0.7978641986846924, -2.347561836242676, 0.6751158237457275, 0.2056034654378891, 0.4188787043094635, 0.9697118401527405, -0.2102065235376358, 0.0, 0.0,]
---
[ -0.1887255609035492, 0.1871912181377411, -0.04756497964262962, 0.04603062570095062, 1.5696443319320679, -1.571178674697876, 0.06597723066806793, -0.06290852278470993, -0.5032681822776794, -0.27771809697151184, 1.5389572381973267, 0.7978641986846924, -2.2508976459503174, 0.6751158237457275, 0.2056034654378891, 0.4112069308757782, 0.9006659388542175, -0.2102065235376358, 0.0, 0.0,]
---
[ -0.1887255609035492, 0.1871912181377411, -0.04756497964262962, 0.04603062570095062, 1.5696443319320679, -1.571178674697876, 0.06597723066806793, -0.06290852278470993, -0.5032681822776794, -0.27771809697151184, 1.5251480340957642, 0.7978641986846924, -2.1526989936828613, 0.6751158237457275, 0.2056034654378891, 0.4035351574420929, 0.8316199779510498, -0.2102065235376358, 0.0, 0.0,]
---
[ -0.1887255609035492, 0.1871912181377411, -0.04756497964262962, 0.04603062570095062, 1.5696443319320679, -1.571178674697876, 0.06597723066806793, -0.06290852278470993, -0.5032681822776794, -0.27771809697151184, 1.5113388299942017, 0.7978641986846924, -2.056034564971924, 0.6751158237457275, 0.2056034654378891, 0.3973977267742157, 0.7641083598136902, -0.2102065235376358, 0.0, 0.0,]
---
[ -0.1887255609035492, 0.1871912181377411, -0.04756497964262962, 0.04603062570095062, 1.5696443319320679, -1.571178674697876, 0.06597723066806793, -0.06290852278470993, -0.5032681822776794, -0.27771809697151184, 1.4975297451019287, 0.7978641986846924, -1.9578359127044678, 0.6751158237457275, 0.2056034654378891, 0.3897259533405304, 0.6950624585151672, -0.2102065235376358, 0.0, 0.0,]
---
[ -0.1887255609035492, 0.1871912181377411, -0.04756497964262962, 0.04603062570095062, 1.5696443319320679, -1.571178674697876, 0.06597723066806793, -0.06290852278470993, -0.5032681822776794, -0.27771809697151184, 1.4837205410003662, 0.7978641986846924, -1.8596372604370117, 0.6751158237457275, 0.2056034654378891, 0.3835885524749756, 0.6275508403778076, -0.2102065235376358, 0.0, 0.0,]
---
[ -0.1887255609035492, 0.1871912181377411, -0.04756497964262962, 0.04603062570095062, 1.5696443319320679, -1.571178674697876, 0.06597723066806793, -0.06290852278470993, -0.5032681822776794, -0.27771809697151184, 1.4699113368988037, 0.7978641986846924, -1.7629729509353638, 0.6751158237457275, 0.2056034654378891, 0.3759167790412903, 0.5585049390792847, -0.2102065235376358, 0.0, 0.0,]
---
[ -0.1887255609035492, 0.1871912181377411, -0.04756497964262962, 0.04603062570095062, 1.5696443319320679, -1.571178674697876, 0.06597723066806793, -0.06290852278470993, -0.5032681822776794, -0.27771809697151184, 1.4561021327972412, 0.7978641986846924, -1.6647742986679077, 0.6751158237457275, 0.2056034654378891, 0.3697793483734131, 0.49099335074424744, -0.2102065235376358, 0.0, 0.0,]
---
[ -0.1887255609035492, 0.1871912181377411, -0.04756497964262962, 0.04603062570095062, 1.5696443319320679, -1.571178674697876, 0.06597723066806793, -0.06290852278470993, -0.5032681822776794, -0.27771809697151184, 1.4422929286956787, 0.7978641986846924, -1.5665756464004517, 0.6751158237457275, 0.2056034654378891, 0.3621075749397278, 0.4219473898410797, -0.2102065235376358, 0.0, 0.0,]
---
[ -0.1887255609035492, 0.1871912181377411, -0.04756497964262962, 0.04603062570095062, 1.5696443319320679, -1.571178674697876, 0.06597723066806793, -0.06290852278470993, -0.5032681822776794, -0.27771809697151184, 1.4284837245941162, 0.7978641986846924, -1.4699113368988037, 0.6751158237457275, 0.2056034654378891, 0.355970174074173, 0.35443583130836487, -0.2102065235376358, 0.0, 0.0,]
---
[ -0.1887255609035492, 0.1871912181377411, -0.04756497964262962, 0.04603062570095062, 1.5696443319320679, -1.571178674697876, 0.06597723066806793, -0.06290852278470993, -0.5032681822776794, -0.27771809697151184, 1.4146745204925537, 0.7978641986846924, -1.3717126846313477, 0.6751158237457275, 0.2056034654378891, 0.34829840064048767, 0.28538987040519714, -0.2102065235376358, 0.0, 0.0,]
---
[ -0.1887255609035492, 0.1871912181377411, -0.04756497964262962, 0.04603062570095062, 1.5696443319320679, -1.571178674697876, 0.06597723066806793, -0.06290852278470993, -0.5032681822776794, -0.27771809697151184, 1.4008653163909912, 0.7978641986846924, -1.2735140323638916, 0.6751158237457275, 0.2056034654378891, 0.3421609699726105, 0.2178782969713211, -0.2102065235376358, 0.0, 0.0,]
---
[ -0.1887255609035492, 0.1871912181377411, -0.04756497964262962, 0.04603062570095062, 1.5696443319320679, -1.571178674697876, 0.06597723066806793, -0.06290852278470993, -0.5032681822776794, -0.27771809697151184, 1.3855218887329102, 0.7978641986846924, -1.1768497228622437, 0.6751158237457275, 0.2056034654378891, 0.33448922634124756, 0.14883235096931458, -0.2102065235376358, 0.0, 0.0,]
---
[ -0.1887255609035492, 0.1871912181377411, -0.04756497964262962, 0.04603062570095062, 1.5696443319320679, -1.571178674697876, 0.06597723066806793, -0.06290852278470993, -0.5032681822776794, -0.27771809697151184, 1.3717126846313477, 0.7978641986846924, -1.078650951385498, 0.6751158237457275, 0.2056034654378891, 0.32681745290756226, 0.07978641986846924, -0.2102065235376358, 0.0, 0.0,]
---
[ -0.1887255609035492, 0.1871912181377411, -0.04756497964262962, 0.04603062570095062, 1.5696443319320679, -1.571178674697876, 0.06597723066806793, -0.06290852278470993, -0.5032681822776794, -0.27771809697151184, 1.3579034805297852, 0.7978641986846924, -0.9819867014884949, 0.6751158237457275, 0.2056034654378891, 0.32068002223968506, 0.012274833396077156, -0.2102065235376358, 0.0, 0.0,]
---
[ -0.1887255609035492, 0.1871912181377411, -0.04756497964262962, 0.04603062570095062, 1.5696443319320679, -1.571178674697876, 0.06597723066806793, -0.06290852278470993, -0.5032681822776794, -0.27771809697151184, 1.3440942764282227, 0.7978641986846924, -0.883787989616394, 0.6751158237457275, 0.2056034654378891, 0.31300824880599976, -0.05677110329270363, -0.2102065235376358, 0.0, 0.0,]
---
[ -0.1887255609035492, 0.1871912181377411, -0.04756497964262962, 0.04603062570095062, 1.5696443319320679, -1.571178674697876, 0.06597723066806793, -0.06290852278470993, -0.5032681822776794, -0.27771809697151184, 1.3302850723266602, 0.7978641986846924, -0.785589337348938, 0.6751158237457275, 0.2056034654378891, 0.30687084794044495, -0.12428268790245056, -0.2102065235376358, 0.0, 0.0,]
---
[ -0.1887255609035492, 0.1871912181377411, -0.04756497964262962, 0.04603062570095062, 1.5696443319320679, -1.571178674697876, 0.06597723066806793, -0.06290852278470993, -0.5032681822776794, -0.27771809697151184, 1.3164758682250977, 0.7978641986846924, -0.68892502784729, 0.6751158237457275, 0.2056034654378891, 0.29919907450675964, -0.1933286339044571, -0.2102065235376358, 0.0, 0.0,]
---
[ -0.1887255609035492, 0.1871912181377411, -0.04756497964262962, 0.04603062570095062, 1.5696443319320679, -1.571178674697876, 0.06597723066806793, -0.06290852278470993, -0.5032681822776794, -0.27771809697151184, 1.3026666641235352, 0.7978641986846924, -0.590726375579834, 0.6751158237457275, 0.2056034654378891, 0.29306164383888245, -0.26084020733833313, -0.2102065235376358, 0.0, 0.0,]
---
[ -0.1887255609035492, 0.1871912181377411, -0.04756497964262962, 0.04603062570095062, 1.5696443319320679, -1.571178674697876, 0.06597723066806793, -0.06290852278470993, -0.5032681822776794, -0.27771809697151184, 1.2888575792312622, 0.7978641986846924, -0.49252769351005554, 0.6751158237457275, 0.2056034654378891, 0.28538987040519714, -0.32988613843917847, -0.2102065235376358, 0.0, 0.0,]
---
[ -0.1887255609035492, 0.1871912181377411, -0.04756497964262962, 0.04603062570095062, 1.5696443319320679, -1.571178674697876, 0.06597723066806793, -0.06290852278470993, -0.5032681822776794, -0.27771809697151184, 1.2750483751296997, 0.7978641986846924, -0.3958633840084076, 0.6751158237457275, 0.2056034654378891, 0.27925246953964233, -0.3973977267742157, -0.2102065235376358, 0.0, 0.0,]
---
[ -0.1887255609035492, 0.1871912181377411, -0.04756497964262962, 0.04603062570095062, 1.5696443319320679, -1.571178674697876, 0.06597723066806793, -0.06290852278470993, -0.5032681822776794, -0.27771809697151184, 1.2612391710281372, 0.7978641986846924, -0.29766470193862915, 0.6751158237457275, 0.2056034654378891, 0.27158069610595703, -0.4664436876773834, -0.2102065235376358, 0.0, 0.0,]
---
[ -0.1887255609035492, 0.1871912181377411, -0.04756497964262962, 0.04603062570095062, 1.5696443319320679, -1.571178674697876, 0.06597723066806793, -0.06290852278470993, -0.5032681822776794, -0.27771809697151184, 1.2474299669265747, 0.7978641986846924, -0.1994660496711731, 0.6751158237457275, 0.2056034654378891, 0.26544326543807983, -0.5339552760124207, -0.2102065235376358, 0.0, 0.0,]
---
[ -0.1887255609035492, 0.1871912181377411, -0.04756497964262962, 0.04603062570095062, 1.5696443319320679, -1.571178674697876, 0.06597723066806793, -0.06290852278470993, -0.5032681822776794, -0.27771809697151184, 1.2474299669265747, 0.7978641986846924, -0.1994660496711731, 0.6751158237457275, 0.2056034654378891, 0.26544326543807983, -0.5339552760124207, -0.2102065235376358, 0.0, 0.0,]
---
[ -0.1887255609035492, 0.1871912181377411, -0.04756497964262962, 0.04603062570095062, 1.5696443319320679, -1.571178674697876, 0.06597723066806793, -0.06290852278470993, -0.5032681822776794, -0.27771809697151184, 1.2474299669265747, 0.7978641986846924, -0.1994660496711731, 0.6751158237457275, 0.2056034654378891, 0.26544326543807983, -0.5339552760124207, -0.2102065235376358, 0.0, 0.0,]
---
[ -0.1887255609035492, 0.1871912181377411, -0.04756497964262962, 0.04603062570095062, 1.5696443319320679, -1.571178674697876, 0.06597723066806793, -0.06290852278470993, -0.5032681822776794, -0.27771809697151184, 1.2474299669265747, 0.7978641986846924, -0.1994660496711731, 0.6751158237457275, 0.2056034654378891, 0.26544326543807983, -0.5339552760124207, -0.2102065235376358, 0.0, 0.0,]
---
[ -0.1887255609035492, 0.1871912181377411, -0.04756497964262962, 0.04603062570095062, 1.5696443319320679, -1.571178674697876, 0.06597723066806793, -0.06290852278470993, -0.5032681822776794, -0.27771809697151184, 1.2474299669265747, 0.7978641986846924, -0.1994660496711731, 0.6751158237457275, 0.2056034654378891, 0.26544326543807983, -0.5339552760124207, -0.2102065235376358, 0.0, 0.0,]
---
[ -0.1887255609035492, 0.1871912181377411, -0.04756497964262962, 0.04603062570095062, 1.5696443319320679, -1.571178674697876, 0.06597723066806793, -0.06290852278470993, -0.5032681822776794, -0.27771809697151184, 1.2474299669265747, 0.7978641986846924, -0.1994660496711731, 0.6751158237457275, 0.2056034654378891, 0.26544326543807983, -0.5339552760124207, -0.2102065235376358, 0.0, 0.0,]
---
[ -0.1887255609035492, 0.1871912181377411, -0.04756497964262962, 0.04603062570095062, 1.5696443319320679, -1.571178674697876, 0.06597723066806793, -0.06290852278470993, -0.5032681822776794, -0.27771809697151184, 1.2474299669265747, 0.7978641986846924, -0.1994660496711731, 0.6751158237457275, 0.2056034654378891, 0.26544326543807983, -0.5339552760124207, -0.2102065235376358, 0.0, 0.0,]
---
[ -0.1887255609035492, 0.1871912181377411, -0.04756497964262962, 0.04603062570095062, 1.5696443319320679, -1.571178674697876, 0.06597723066806793, -0.06290852278470993, -0.5032681822776794, -0.27771809697151184, 1.2474299669265747, 0.7978641986846924, -0.1994660496711731, 0.6751158237457275, 0.2056034654378891, 0.26544326543807983, -0.5339552760124207, -0.2102065235376358, 0.0, 0.0,]
---
[ -0.1887255609035492, 0.1871912181377411, -0.04756497964262962, 0.04603062570095062, 1.5696443319320679, -1.571178674697876, 0.06597723066806793, -0.06290852278470993, -0.5032681822776794, -0.27771809697151184, 1.2474299669265747, 0.7978641986846924, -0.1994660496711731, 0.6751158237457275, 0.2056034654378891, 0.26544326543807983, -0.5339552760124207, -0.2102065235376358, 0.0, 0.0,]
---
[ -0.1887255609035492, 0.1871912181377411, -0.04756497964262962, 0.04603062570095062, 1.5696443319320679, -1.571178674697876, 0.06597723066806793, -0.06290852278470993, -0.5032681822776794, -0.27771809697151184, 1.2474299669265747, 0.7978641986846924, -0.1994660496711731, 0.6751158237457275, 0.2056034654378891, 0.26544326543807983, -0.5339552760124207, -0.2102065235376358, 0.0, 0.0,]
---
[ -0.1887255609035492, 0.1871912181377411, -0.04756497964262962, 0.04603062570095062, 1.5696443319320679, -1.571178674697876, 0.06597723066806793, -0.06290852278470993, -0.5032681822776794, -0.27771809697151184, 1.2474299669265747, 0.7978641986846924, -0.1994660496711731, 0.6751158237457275, 0.2056034654378891, 0.26544326543807983, -0.5339552760124207, -0.2102065235376358, 0.0, 0.0,]
---
[ -0.1887255609035492, 0.1871912181377411, -0.04756497964262962, 0.04603062570095062, 1.5696443319320679, -1.571178674697876, 0.06597723066806793, -0.06290852278470993, -0.5032681822776794, -0.27771809697151184, 1.2474299669265747, 0.7978641986846924, -0.1994660496711731, 0.6751158237457275, 0.2056034654378891, 0.26544326543807983, -0.5339552760124207, -0.2102065235376358, 0.0, 0.0,]
---
[ -0.1887255609035492, 0.1871912181377411, -0.04756497964262962, 0.04603062570095062, 1.5696443319320679, -1.571178674697876, 0.06597723066806793, -0.06290852278470993, -0.5032681822776794, -0.27771809697151184, 1.2474299669265747, 0.7978641986846924, -0.1994660496711731, 0.6751158237457275, 0.2056034654378891, 0.26544326543807983, -0.5339552760124207, -0.2102065235376358, 0.0, 0.0,]
---
[ -0.1887255609035492, 0.1871912181377411, -0.04756497964262962, 0.04603062570095062, 1.5696443319320679, -1.571178674697876, 0.06597723066806793, -0.06290852278470993, -0.5032681822776794, -0.27771809697151184, 1.2474299669265747, 0.7978641986846924, -0.1994660496711731, 0.6751158237457275, 0.2056034654378891, 0.26544326543807983, -0.5339552760124207, -0.2102065235376358, 0.0, 0.0,]
---
[ -0.1887255609035492, 0.1871912181377411, -0.04756497964262962, 0.04603062570095062, 1.5696443319320679, -1.571178674697876, 0.06597723066806793, -0.06290852278470993, -0.5032681822776794, -0.27771809697151184, 1.2474299669265747, 0.7978641986846924, -0.1994660496711731, 0.6751158237457275, 0.2056034654378891, 0.26544326543807983, -0.5339552760124207, -0.2102065235376358, 0.0, 0.0,]
---
[ -0.1887255609035492, 0.1871912181377411, -0.04756497964262962, 0.04603062570095062, 1.5696443319320679, -1.571178674697876, 0.06597723066806793, -0.06290852278470993, -0.5032681822776794, -0.27771809697151184, 1.2474299669265747, 0.7978641986846924, -0.1994660496711731, 0.6751158237457275, 0.2056034654378891, 0.26544326543807983, -0.5339552760124207, -0.2102065235376358, 0.0, 0.0,]
---
[ -0.1887255609035492, 0.1871912181377411, -0.04756497964262962, 0.04603062570095062, 1.5696443319320679, -1.571178674697876, 0.06597723066806793, -0.06290852278470993, -0.5032681822776794, -0.27771809697151184, 1.2474299669265747, 0.7978641986846924, -0.1994660496711731, 0.6751158237457275, 0.2056034654378891, 0.26544326543807983, -0.5339552760124207, -0.2102065235376358, 0.0, 0.0,]
---
[ -0.1887255609035492, 0.1871912181377411, -0.04756497964262962, 0.04603062570095062, 1.5696443319320679, -1.571178674697876, 0.06597723066806793, -0.06290852278470993, -0.5032681822776794, -0.27771809697151184, 1.2474299669265747, 0.7978641986846924, -0.1994660496711731, 0.6751158237457275, 0.2056034654378891, 0.26544326543807983, -0.5339552760124207, -0.2102065235376358, 0.0, 0.0,]
---
[ -0.1887255609035492, 0.1871912181377411, -0.04756497964262962, 0.04603062570095062, 1.5696443319320679, -1.571178674697876, 0.06597723066806793, -0.06290852278470993, -0.5032681822776794, -0.27771809697151184, 1.2474299669265747, 0.7978641986846924, -0.1994660496711731, 0.6751158237457275, 0.2056034654378891, 0.26544326543807983, -0.5339552760124207, -0.2102065235376358, 0.0, 0.0,]
---
[ -0.1887255609035492, 0.1871912181377411, -0.04756497964262962, 0.04603062570095062, 1.5696443319320679, -1.571178674697876, 0.06597723066806793, -0.06290852278470993, -0.5032681822776794, -0.27771809697151184, 1.2474299669265747, 0.7978641986846924, -0.1994660496711731, 0.6751158237457275, 0.2056034654378891, 0.26544326543807983, -0.5339552760124207, -0.2102065235376358, 0.0, 0.0,]
---
[ -0.1887255609035492, 0.1871912181377411, -0.04756497964262962, 0.04603062570095062, 1.5696443319320679, -1.571178674697876, 0.06597723066806793, -0.06290852278470993, -0.5032681822776794, -0.27771809697151184, 1.2474299669265747, 0.7978641986846924, -0.1994660496711731, 0.6751158237457275, 0.2056034654378891, 0.26544326543807983, -0.5339552760124207, -0.2102065235376358, 0.0, 0.0,]
---
[ -0.1887255609035492, 0.1871912181377411, -0.04756497964262962, 0.04603062570095062, 1.5696443319320679, -1.571178674697876, 0.06597723066806793, -0.06290852278470993, -0.5032681822776794, -0.27771809697151184, 1.2474299669265747, 0.7978641986846924, -0.1994660496711731, 0.6751158237457275, 0.2056034654378891, 0.26544326543807983, -0.5339552760124207, -0.2102065235376358, 0.0, 0.0,]
---
[ 0.01841225102543831, -0.01841225102543831, 0.0, 0.0, 0.049099333584308624, -0.049099333584308624, 0.0, 0.0, 0.0, 0.0, 0.0, 0.0, 0.0, 0.0, 0.0, 0.0, 0.0, 0.0, 0.0, 0.0,]
---
[ 0.03682450205087662, -0.03682450205087662, 0.0, 0.0, 0.09819866716861725, -0.09819866716861725, 0.0, 0.0, 0.0, 0.0, 0.0, 0.0, 0.0, 0.0, 0.0, 0.0, 0.0, 0.0, 0.0, 0.0,]
---
[ 0.05523674935102463, -0.05523674935102463, 0.0, 0.0, 0.14729800820350647, -0.14729800820350647, 0.0, 0.0, 0.0, 0.0, 0.0, 0.0, 0.0, 0.0, 0.0, 0.0, 0.0, 0.0, 0.0, 0.0,]
---